96599703599    
96550802011    
96596922704    
96599703646    
96599703700    
96599703703    
96599703726    
96599703763    
96599703886    
96599704047    
96599704207    
96599704423    
96599704446    
96599704468    
96599704511    
96599704646    
96599704749    
96599704770    
96599704783    
96599704969    
96599704970    
96599705050    
96599705112    
96599705155    
96599705350    
96599705400    
96599705425    
96599705438    
96599705459    
96599705578    
96599705608    
96599705724    
96599705736    
96599705799    
96599705803    
96599705939    
96599706003    
96599706099    
96599706201    
96599706363    
96599706479    
96599706607    
96599706633    
96599706676    
96599706677    
96599706704    
96599706708    
96599706805    
96599707075    
96599707080    
96599707098    
96599707107    
96599707145    
96599707229    
96599707242    
96599707250    
96599707253    
96599707309    
96599707363    
96599707375    
96599707400    
96599707512    
96599707565    
96599707666    
96599707685    
96599707710    
96599707719    
96599707727    
96599707744    
96599707810    
96599707839    
96599707878    
96599707960    
96599707969    
96599707988    
96599708050    
96599708191    
96599708558    
96599708589    
96599708756    
96599708804    
96599709012    
96599709018    
96599709019    
96599709020    
96599709030    
96599709070    
96599709107    
96599709211    
96599709409    
96599709445    
96599709566    
96599709602    
96599709666    
96599709762    
96599709766    
96599709809    
96599709887    
96599709903    
96599709907    
96599709954    
96599709960    
96599709963    
96599709994    
96599710125    
96599710207    
96599710369    
96599710533    
96599710566    
96599710571    
96599710855    
96599710987    
96599711028    
96599711129    
96599711133    
96599711181    
96599711242    
96599711244    
96599711308    
96599711383    
96599711388    
96599711697    
96599711724    
96599711825    
96599711840    
96599711866    
96599711898    
96599711987    
96599712004    
96599712009    
96599712034    
96599712117    
96599712132    
96599712169    
96599712219    
96599712369    
96599712414    
96599712614    
96599713077    
96599713232    
96599713256    
96599713258    
96599713269    
96599713414    
96599713479    
96599713711    
96599713725    
96599713726    
96599713738    
96599713777    
96599713794    
96599713863    
96599713898    
96599713913    
96599713990    
96599714011    
96599714146    
96599714178    
96599714231    
96599714240    
96599714249    
96599714451    
96599714470    
96599714514    
96599714707    
96599714884    
96599714985    
96599715166    
96599715244    
96599715339    
96599715444    
96599715466    
96599715509    
96599715574    
96599715724    
96599715805    
96599716097    
96599716304    
96599716380    
96599716492    
96599716671    
96599716714    
96599716762    
96599716846    
96599716977    
96599717006    
96599717066    
96599717080    
96599717116    
96599717153    
96599717212    
96599717217    
96599717376    
96599717470    
96599717517    
96599717557    
96599717661    
96599717664    
96599717715    
96599717716    
96599717723    
96599717725    
96599717788    
96599717799    
96599717819    
96599717857    
96599717870    
96599717872    
96599717888    
96599717889    
96599717911    
96599717966    
96599718032    
96599718070    
96599718212    
96599718585    
96599718781    
96599718850    
96599718894    
96599718901    
96599718996    
96599719132    
96599719177    
96599719188    
96599719203    
96599719343    
96599719537    
96599719591    
96599719606    
96599719779    
96599719809    
96599719827    
96599719901    
96599719933    
96599720103    
96599720177    
96599720191    
96599720289    
96599720305    
96599720325    
96599720388    
96599720434    
96599720641    
96599720757    
96599720759    
96599720789    
96599720858    
96599720893    
96599721027    
96599721118    
96599721187    
96599721212    
96599721389    
96599721713    
96599721880    
96599721972    
96599722003    
96599722012    
96599722048    
96599722052    
96599722241    
96599722258    
96599722276    
96599722357    
96599722433    
96599722485    
96599722590    
96599722594    
96599722599    
96599722622    
96599722771    
96599722926    
96599722977    
96599723010    
96599723073    
96599723115    
96599723143    
96599723234    
96599723308    
96599723314    
96599723319    
96599723330    
96599723484    
96599723663    
96599723793    
96599723801    
96599723870    
96599724271    
96599724321    
96599724624    
96599724654    
96599724725    
96599724805    
96599724833    
96599724870    
96599725117    
96599725141    
96599725152    
96599725202    
96599725335    
96599725511    
96599725531    
96599725668    
96599725868    
96599725941    
96599725965    
96599725992    
96599726251    
96599726263    
96599726277    
96599726546    
96599726636    
96599726884    
96599727070    
96599727138    
96599727139    
96599727200    
96599727232    
96599727236    
96599727242    
96599727245    
96599727256    
96599727278    
96599727321    
96599727359    
96599727459    
96599727701    
96599727702    
96599727764    
96599727825    
96599727975    
96599728113    
96599728117    
96599728123    
96599728544    
96599728711    
96599728717    
96599728816    
96599728871    
96599728973    
96599729092    
96599729297    
96599729319    
96599729695    
96599729793    
96599729904    
96599729935    
96599729964    
96599729977    
96599730007    
96599730074    
96599730080    
96599730120    
96599730206    
96599730226    
96599730408    
96599730442    
96599730504    
96599730560    
96599730701    
96599730769    
96599730969    
96599731059    
96599731138    
96599731231    
96599731244    
96599731312    
96599731317    
96599731318    
96599731322    
96599731397    
96599731470    
96599731486    
96599732234    
96599732239    
96599732311    
96599732399    
96599732531    
96599732662    
96599732816    
96599732830    
96599732885    
96599733020    
96599733057    
96599733058    
96599733131    
96599733169    
96599733236    
96599733253    
96599733321    
96599733347    
96599733348    
96599733393    
96599733523    
96599733633    
96599733636    
96599733652    
96599733663    
96599733690    
96599733704    
96599733711    
96599733741    
96599733858    
96599734074    
96599734099    
96599734177    
96599734224    
96599734243    
96599734246    
96599734382    
96599734401    
96599734442    
96599734563    
96599734781    
96599734847    
96599734875    
96599734934    
96599735020    
96599735033    
96599735050    
96599735118    
96599735122    
96599735135    
96599735258    
96599735332    
96599735333    
96599735388    
96599735553    
96599735615    
96599735707    
96599735747    
96599735854    
96599735885    
96599735969    
96599736020    
96599736088    
96599736317    
96599736445    
96599736519    
96599736651    
96599736653    
96599736754    
96599736772    
96599736840    
96599736871    
96599736994    
96599737044    
96599737060    
96599737233    
96599737379    
96599737427    
96599737477    
96599737500    
96599737637    
96599737755    
96599737950    
96599738101    
96599738250    
96599738302    
96599738397    
96599739129    
96599739189    
96599739274    
96599739291    
96599739736    
96599739796    
96599739936    
96599739937    
96599739993    
96599739998    
96599740025    
96599740053    
96599740058    
96599740064    
96599740310    
96599740330    
96599740350    
96599740464    
96599740522    
96599740580    
96599740645    
96599740744    
96599740747    
96599740808    
96599740816    
96599740884    
96599740949    
96599741139    
96599741146    
96599741147    
96599741188    
96599741312    
96599741332    
96599741788    
96599741919    
96599741968    
96599742006    
96599742012    
96599742096    
96599742224    
96599742322    
96599742500    
96599742531    
96599742582    
96599742714    
96599742737    
96599742775    
96599742887    
96599743009    
96599743143    
96599743194    
96599743242    
96599743306    
96599743448    
96599743498    
96599743511    
96599743676    
96599743808    
96599743939    
96599743949    
96599744003    
96599744027    
96599744049    
96599744055    
96599744066    
96599744102    
96599744117    
96599744155    
96599744220    
96599744223    
96599744236    
96599744337    
96599744343    
96599744357    
96599744407    
96599744453    
96599744497    
96599744543    
96599744547    
96599744636    
96599744771    
96599744806    
96599744837    
96599744881    
96599744933    
96599744936    
96599745072    
96599745080    
96599745192    
96599745313    
96599745316    
96599745332    
96599745509    
96599745545    
96599745578    
96599745609    
96599745641    
96599745727    
96599745775    
96599745888    
96599745944    
96599746093    
96599746150    
96599746160    
96599746277    
96599746338    
96599746419    
96599746588    
96599746641    
96599746688    
96599746865    
96599746969    
96599747051    
96599747108    
96599747247    
96599747327    
96599747337    
96599747389    
96599747447    
96599747460    
96599747545    
96599747608    
96599747612    
96599747674    
96599747676    
96599747687    
96599747704    
96599747714    
96599747868    
96599747910    
96599748037    
96599748088    
96599748122    
96599748200    
96599748202    
96599748356    
96599748493    
96599748799    
96599748925    
96599749003    
96599749175    
96599749297    
96599749363    
96599749377    
96599749432    
96599749454    
96599749474    
96599749544    
96599749687    
96599749796    
96599749856    
96599749868    
96599749947    
96599750004    
96599750059    
96599750087    
96599750097    
96599750151    
96599750244    
96599750254    
96599750300    
96599750364    
96599750408    
96599750411    
96599750509    
96599750588    
96599750589    
96599750600    
96599750667    
96599750694    
96599750704    
96599750766    
96599750771    
96599750795    
96599750821    
96599750860    
96599750944    
96599750963    
96599750998    
96599751133    
96599751172    
96599751180    
96599751385    
96599751396    
96599751515    
96599751553    
96599751595    
96599751636    
96599751885    
96599751976    
96599752008    
96599752092    
96599752425    
96599752510    
96599752558    
96599752760    
96599752877    
96599752878    
96599752999    
96599753084    
96599753097    
96599753136    
96599753175    
96599753469    
96599753684    
96599753931    
96599753973    
96599754524    
96599754640    
96599754746    
96599754867    
96599755007    
96599755122    
96599755150    
96599755181    
96599755252    
96599755343    
96599755400    
96599755405    
96599755486    
96599755564    
96599755690    
96599755778    
96599755872    
96599755969    
96599756045    
96599756057    
96599756065    
96599756510    
96599756568    
96599756586    
96599756622    
96599756690    
96599756771    
96599757111    
96599757243    
96599757253    
96599757330    
96599757532    
96599757571    
96599757734    
96599757786    
96599757852    
96599757877    
96599757897    
96599757973    
96599757997    
96599758020    
96599758211    
96599758273    
96599758339    
96599758399    
96599758478    
96599758536    
96599758633    
96599758813    
96599758841    
96599758857    
96599758883    
96599758884    
96599759135    
96599759157    
96599759159    
96599759162    
96599759330    
96599759555    
96599759655    
96599759662    
96599759689    
96599759706    
96599759762    
96599759929    
96599760070    
96599760076    
96599760101    
96599760209    
96599760234    
96599760253    
96599760500    
96599760518    
96599760550    
96599760647    
96599760802    
96599760809    
96599760855    
96599761225    
96599761422    
96599761467    
96599761550    
96599761583    
96599761619    
96599761655    
96599761671    
96599761711    
96599761799    
96599762012    
96599762020    
96599762084    
96599762221    
96599762227    
96599762282    
96599762405    
96599762451    
96599762535    
96599762555    
96599762694    
96599762726    
96599762768    
96599762929    
96599762977    
96599762994    
96599763025    
96599763172    
96599763220    
96599763376    
96599763437    
96599763688    
96599763763    
96599763826    
96599763852    
96599763911    
96599764556    
96599764610    
96599764776    
96599764779    
96599765008    
96599765066    
96599765101    
96599765258    
96599765404    
96599765412    
96599765497    
96599765532    
96599765609    
96599765767    
96599765969    
96599766030    
96599766039    
96599766211    
96599766329    
96599766330    
96599766460    
96599766597    
96599766680    
96599766783    
96599766788    
96599766839    
96599766942    
96599766943    
96599766952    
96599767160    
96599767182    
96599767186    
96599767291    
96599767379    
96599767394    
96599767529    
96599767672    
96599767772    
96599767887    
96599768023    
96599768081    
96599768087    
96599768114    
96599768120    
96599768150    
96599768468    
96599768569    
96599768718    
96599768768    
96599768818    
96599769063    
96599769394    
96599769488    
96599769502    
96599769520    
96599769558    
96599769658    
96599769781    
96599769848    
96599770023    
96599770031    
96599770048    
96599770050    
96599770056    
96599770130    
96599770340    
96599770357    
96599770376    
96599770443    
96599770585    
96599770749    
96599770772    
96599770795    
96599770807    
96599770881    
96599770893    
96599771014    
96599771092    
96599771110    
96599771123    
96599771160    
96599771178    
96599771184    
96599771227    
96599771316    
96599771371    
96599771447    
96599771481    
96599771518    
96599771544    
96599771553    
96599771833    
96599771870    
96599771872    
96599771880    
96599771990    
96599771998    
96599772015    
96599772025    
96599772045    
96599772058    
96599772079    
96599772104    
96599772128    
96599772146    
96599772189    
96599772251    
96599772258    
96599772259    
96599772271    
96599772284    
96599772288    
96599772342    
96599772404    
96599772444    
96599772451    
96599772474    
96599772565    
96599772566    
96599772654    
96599772666    
96599772708    
96599772737    
96599772757    
96599772796    
96599772835    
96599772845    
96599772853    
96599772857    
96599772901    
96599772953    
96599773033    
96599773050    
96599773200    
96599773305    
96599773328    
96599773330    
96599773417    
96599773531    
96599773533    
96599773594    
96599773698    
96599773700    
96599773706    
96599773736    
96599773744    
96599773769    
96599773775    
96599773953    
96599773957    
96599773961    
96599774004    
96599774065    
96599774099    
96599774144    
96599774395    
96599774407    
96599774465    
96599774482    
96599774506    
96599774510    
96599774525    
96599774550    
96599774595    
96599774697    
96599774728    
96599774733    
96599774835    
96599774900    
96599774902    
96599775050    
96599775066    
96599775080    
96599775108    
96599775166    
96599775307    
96599775351    
96599775397    
96599775515    
96599775635    
96599775704    
96599775729    
96599775779    
96599775797    
96599775880    
96599775917    
96599775991    
96599776100    
96599776117    
96599776131    
96599776144    
96599776302    
96599776306    
96599776522    
96599776554    
96599776680    
96599776773    
96599776780    
96599776822    
96599776997    
96599777039    
96599777077    
96599777085    
96599777108    
96599777120    
96599777140    
96599777170    
96599777184    
96599777253    
96599777267    
96599777299    
96599777353    
96599777359    
96599777456    
96599777457    
96599777628    
96599777674    
96599777689    
96599777771    
96599777810    
96599777847    
96599777883    
96599777884    
96599777967    
96599777994    
96599778008    
96599778081    
96599778209    
96599778222    
96599778242    
96599778260    
96599778411    
96599778425    
96599778427    
96599778526    
96599778533    
96599778535    
96599778552    
96599778557    
96599778578    
96599778686    
96599778688    
96599778708    
96599778722    
96599778867    
96599778943    
96599778955    
96599778957    
96599779070    
96599779074    
96599779115    
96599779152    
96599779161    
96599779262    
96599779323    
96599779394    
96599779398    
96599779409    
96599779454    
96599779675    
96599779698    
96599779731    
96599779757    
96599779882    
96599779883    
96599779951    
96599780067    
96599780197    
96599780244    
96599780338    
96599780421    
96599780500    
96599780610    
96599780611    
96599780709    
96599780800    
96599780853    
96599780990    
96599781089    
96599781110    
96599781117    
96599781145    
96599781176    
96599781312    
96599781411    
96599781602    
96599781870    
96599781879    
96599781944    
96599781951    
96599781973    
96599781995    
96599782125    
96599782487    
96599782540    
96599782645    
96599782648    
96599782722    
96599782821    
96599782996    
96599783111    
96599783113    
96599783167    
96599783288    
96599783375    
96599783502    
96599783604    
96599783644    
96599783680    
96599783758    
96599783800    
96599783893    
96599784005    
96599784039    
96599784047    
96599784414    
96599784699    
96599785030    
96599785117    
96599785163    
96599785198    
96599785199    
96599785249    
96599785774    
96599785785    
96599785826    
96599785862    
96599785879    
96599785976    
96599786003    
96599786088    
96599786188    
96599786303    
96599786356    
96599786455    
96599786535    
96599786755    
96599786770    
96599787111    
96599787130    
96599787170    
96599787418    
96599787440    
96599787546    
96599787563    
96599787811    
96599787873    
96599787882    
96599787897    
96599788003    
96599788087    
96599788094    
96599788121    
96599788147    
96599788176    
96599788252    
96599788331    
96599788390    
96599788489    
96599788525    
96599788529    
96599788532    
96599788547    
96599788578    
96599788582    
96599788668    
96599788686    
96599788704    
96599788708    
96599788725    
96599788783    
96599788856    
96599788944    
96599788966    
96599789120    
96599789181    
96599789252    
96599789386    
96599789451    
96599789452    
96599789564    
96599789598    
96599789643    
96599789887    
96599789918    
96599790038    
96599790079    
96599790113    
96599790332    
96599790368    
96599790389    
96599790442    
96599790654    
96599790684    
96599790798    
96599790820    
96599790868    
96599790902    
96599790908    
96599790915    
96599790949    
96599791018    
96599791030    
96599791125    
96599791147    
96599791226    
96599791231    
96599791239    
96599791313    
96599791315    
96599791325    
96599791332    
96599791444    
96599791535    
96599791555    
96599791626    
96599791705    
96599791778    
96599791808    
96599791933    
96599791959    
96599791965    
96599791979    
96599792004    
96599792031    
96599792170    
96599792217    
96599792268    
96599792282    
96599792351    
96599792392    
96599792463    
96599792497    
96599792666    
96599792718    
96599792729    
96599792761    
96599792848    
96599792993    
96599793215    
96599793337    
96599793341    
96599793348    
96599793484    
96599793507    
96599793575    
96599793826    
96599793867    
96599793994    
96599793999    
96599794004    
96599794090    
96599794105    
96599794124    
96599794191    
96599794197    
96599794264    
96599794321    
96599794439    
96599794447    
96599794448    
96599794472    
96599794806    
96599794824    
96599795082    
96599795085    
96599795214    
96599795550    
96599795552    
96599795777    
96599795950    
96599795978    
96599796042    
96599796121    
96599796274    
96599796377    
96599796446    
96599796479    
96599796616    
96599796650    
96599796692    
96599796703    
96599796805    
96599796869    
96599796902    
96599796950    
96599797022    
96599797056    
96599797112    
96599797129    
96599797205    
96599797314    
96599797357    
96599797441    
96599797478    
96599797523    
96599797596    
96599797609    
96599797679    
96599797723    
96599797732    
96599797744    
96599797785    
96599797794    
96599797829    
96599797855    
96599797867    
96599797877    
96599797887    
96599797908    
96599797937    
96599797956    
96599798021    
96599798050    
96599798308    
96599798331    
96599798497    
96599798795    
96599798809    
96599798828    
96599798840    
96599798869    
96599798928    
96599798940    
96599798977    
96599798990    
96599799022    
96599799046    
96599799052    
96599799070    
96599799079    
96599799244    
96599799323    
96599799339    
96599799374    
96599799399    
96599799476    
96599799496    
96599799548    
96599799567    
96599799583    
96599799778    
96599799895    
96599799898    
96599799903    
96599799915    
96599799919    
96599800113    
96599800234    
96599800250    
96599800298    
96599800359    
96599800440    
96599800454    
96599800519    
96599800524    
96599800548    
96599800766    
96599800819    
96599800823    
96599800915    
96599800989    
96599801004    
96599801022    
96599801035    
96599801077    
96599801092    
96599801105    
96599801177    
96599801197    
96599801277    
96599801572    
96599801688    
96599801882    
96599801916    
96599802060    
96599802135    
96599802340    
96599802397    
96599802496    
96599802610    
96599802620    
96599802660    
96599802663    
96599802908    
96599802927    
96599803075    
96599803120    
96599803161    
96599803504    
96599803570    
96599803588    
96599803686    
96599803852    
96599804033    
96599804244    
96599804327    
96599804395    
96599804404    
96599804408    
96599804542    
96599804704    
96599804744    
96599805028    
96599805059    
96599805088    
96599805091    
96599805128    
96599805150    
96599805500    
96599805589    
96599805653    
96599805700    
96599806011    
96599806091    
96599806393    
96599806610    
96599806614    
96599806642    
96599806656    
96599806851    
96599806868    
96599806886    
96599806992    
96599807044    
96599807272    
96599807335    
96599807477    
96599807496    
96599807525    
96599807714    
96599807744    
96599807978    
96599808016    
96599808033    
96599808064    
96599808170    
96599808412    
96599808447    
96599808601    
96599808649    
96599808704    
96599808707    
96599808708    
96599808726    
96599808732    
96599808750    
96599808788    
96599808969    
96599809081    
96599809229    
96599809336    
96599809368    
96599809541    
96599809647    
96599809702    
96599809779    
96599809934    
96599810026    
96599810109    
96599810334    
96599810353    
96599810459    
96599810467    
96599810560    
96599810599    
96599810640    
96599810721    
96599810722    
96599810858    
96599810917    
96599810933    
96599810970    
96599811027    
96599811082    
96599811194    
96599811352    
96599811353    
96599811379    
96599811411    
96599811473    
96599811636    
96599811640    
96599811832    
96599812082    
96599812117    
96599812123    
96599812197    
96599812229    
96599812321    
96599812414    
96599812667    
96599812944    
96599812980    
96599813078    
96599813122    
96599813137    
96599813233    
96599813246    
96599813259    
96599813314    
96599813424    
96599813456    
96599813566    
96599813666    
96599813815    
96599813851    
96599813863    
96599813909    
96599813938    
96599814065    
96599814161    
96599814212    
96599814280    
96599814298    
96599814464    
96599814715    
96599815432    
96599815545    
96599815644    
96599815898    
96599816164    
96599816250    
96599816447    
96599816599    
96599816601    
96599816674    
96599816697    
96599816886    
96599816911    
96599817121    
96599817250    
96599817447    
96599817500    
96599817633    
96599817735    
96599817907    
96599818040    
96599818153    
96599818192    
96599818233    
96599818237    
96599818256    
96599818281    
96599818289    
96599818300    
96599818313    
96599818320    
96599818587    
96599818591    
96599818642    
96599818656    
96599818744    
96599818798    
96599818907    
96599818928    
96599818969    
96599819121    
96599819198    
96599819297    
96599819353    
96599819696    
96599819788    
96599819802    
96599819815    
96599819827    
96599819851    
96599819875    
96599819883    
96599819885    
96599819957    
96599820026    
96599820204    
96599820273    
96599820363    
96599820406    
96599820462    
96599820653    
96599820744    
96599820840    
96599820983    
96599821025    
96599821124    
96599821158    
96599821205    
96599821823    
96599821869    
96599821961    
96599822060    
96599822103    
96599822107    
96599822152    
96599822220    
96599822296    
96599822320    
96599822342    
96599822368    
96599822454    
96599822461    
96599822822    
96599822880    
96599822899    
96599822929    
96599822936    
96599822971    
96599823363    
96599823543    
96599823600    
96599824076    
96599824428    
96599824505    
96599824669    
96599825112    
96599825251    
96599825353    
96599825381    
96599825556    
96599825575    
96599825686    
96599825698    
96599825757    
96599825843    
96599825848    
96599825859    
96599826060    
96599826297    
96599826302    
96599826685    
96599826835    
96599827351    
96599827559    
96599827584    
96599827720    
96599827822    
96599828031    
96599828059    
96599828103    
96599828130    
96599828172    
96599828220    
96599828239    
96599828266    
96599828283    
96599828288    
96599828384    
96599828442    
96599828522    
96599828539    
96599828706    
96599828712    
96599828775    
96599828776    
96599828803    
96599828831    
96599828835    
96599828923    
96599829224    
96599829295    
96599829445    
96599829667    
96599829772    
96599829812    
96599829818    
96599829822    
96599829902    
96599830204    
96599830232    
96599830301    
96599830396    
96599830440    
96599830604    
96599830881    
96599830906    
96599830980    
96599831004    
96599831111    
96599831299    
96599831322    
96599831530    
96599831562    
96599831870    
96599831965    
96599831981    
96599832006    
96599832008    
96599832078    
96599832175    
96599832191    
96599832208    
96599832269    
96599832300    
96599832319    
96599832474    
96599832475    
96599832533    
96599832628    
96599832813    
96599832823    
96599832948    
96599832990    
96599832999    
96599833005    
96599833099    
96599833202    
96599833234    
96599833295    
96599833312    
96599833365    
96599833389    
96599833566    
96599833779    
96599833835    
96599833855    
96599833883    
96599834087    
96599834138    
96599834199    
96599834340    
96599834343    
96599834511    
96599834663    
96599834787    
96599834848    
96599835036    
96599835095    
96599835167    
96599835353    
96599835524    
96599835769    
96599835898    
96599835943    
96599835978    
96599836045    
96599836068    
96599836236    
96599836246    
96599836345    
96599836396    
96599836398    
96599836441    
96599836525    
96599836536    
96599836828    
96599836831    
96599836883    
96599836959    
96599837073    
96599837355    
96599837383    
96599837434    
96599837482    
96599837651    
96599837752    
96599837778    
96599837792    
96599837978    
96599838280    
96599838321    
96599838350    
96599838356    
96599838375    
96599838388    
96599838502    
96599838513    
96599838522    
96599838541    
96599838603    
96599838838    
96599838871    
96599838915    
96599838999    
96599839030    
96599839044    
96599839389    
96599839456    
96599839502    
96599839775    
96599839911    
96599839938    
96599840171    
96599840207    
96599840252    
96599840305    
96599840314    
96599840399    
96599840432    
96599840480    
96599840849    
96599840904    
96599840908    
96599841022    
96599841028    
96599841231    
96599841297    
96599841375    
96599841405    
96599841414    
96599841693    
96599841747    
96599841758    
96599841849    
96599842063    
96599842363    
96599842442    
96599842555    
96599842626    
96599842628    
96599842686    
96599843495    
96599844112    
96599844118    
96599844124    
96599844140    
96599844141    
96599844299    
96599844593    
96599844595    
96599844665    
96599844811    
96599844878    
96599845006    
96599845147    
96599845324    
96599845359    
96599845422    
96599845656    
96599845675    
96599845773    
96599846005    
96599846164    
96599846415    
96599846436    
96599846489    
96599846565    
96599846622    
96599846650    
96599846700    
96599846787    
96599846867    
96599847004    
96599847302    
96599848205    
96599848288    
96599848292    
96599848336    
96599848359    
96599848402    
96599848444    
96599848461    
96599848477    
96599848483    
96599848487    
96599848605    
96599848788    
96599848958    
96599849089    
96599849095    
96599849240    
96599849288    
96599849298    
96599849320    
96599849417    
96599849424    
96599849947    
96599849992    
96599850009    
96599850010    
96599850024    
96599850170    
96599850244    
96599850344    
96599850382    
96599850486    
96599850523    
96599850554    
96599850600    
96599850720    
96599850809    
96599850832    
96599850899    
