96550802011    
96565878986    
96599441946    
96599442166    
96599442852    
96599442911    
96599443308    
96599443964    
96599444007    
96599444128    
96599444201    
96599444213    
96599444638    
96599445532    
96599445852    
96599445879    
96599446003    
96599446199    
96599446464    
96599446632    
96599446901    
96599447100    
96599447111    
96599448494    
96599448669    
96599448933    
96599449296    
96599449393    
96599449870    
96599449893    
96599450594    
96599451254    
96599451255    
96599451331    
96599451509    
96599451555    
96599451998    
96599451999    
96599452034    
96599452289    
96599453424    
96599453436    
96599454676    
96599455754    
96599456166    
96599456406    
96599456603    
96599457142    
96599457558    
96599457619    
96599458522    
96599458577    
96599458700    
96599459549    
96599459560    
96599459826    
96599459945    
96599460026    
96599460212    
96599460484    
96599461001    
96599461334    
96599461630    
96599462228    
96599462546    
96599463461    
96599464077    
96599464180    
96599465515    
96599466088    
96599466337    
96599466631    
96599466744    
96599466996    
96599467090    
96599470806    
96599471187    
96599471549    
96599473724    
96599473748    
96599474376    
96599474540    
96599475070    
96599475778    
96599476003    
96599476022    
96599477305    
96599477418    
96599477615    
96599477659    
96599478896    
96599479776    
96599480829    
96599480846    
96599480874    
96599481712    
96599482202    
96599483933    
96599484554    
96599484727    
96599484760    
96599485853    
96599485880    
96599488829    
96599489231    
96599489487    
96599489578    
96599490229    
96599490266    
96599490680    
96599491538    
96599492514    
96599493932    
96599494029    
96599494200    
96599494234    
96599494465    
96599495026    
96599495219    
96599495922    
96599496474    
96599496599    
96599496712    
96599497167    
96599497310    
96599497402    
96599497489    
96599497911    
96599498134    
96599498580    
96599499320    
96599499517    
96599499822    
96599499920    
96599500339    
96599500613    
96599500651    
96599500893    
96599500951    
96599501077    
96599501400    
96599502099    
96599502590    
96599504047    
96599504740    
96599504922    
96599505091    
96599505796    
96599506515    
96599508182    
96599508226    
96599508484    
96599509192    
96599511149    
96599512777    
96599513134    
96599513599    
96599514450    
96599514552    
96599515566    
96599516605    
96599518666    
96599518853    
96599518999    
96599519158    
96599520094    
96599520244    
96599521152    
96599521227    
96599521570    
96599522121    
96599522681    
96599522905    
96599523599    
96599523905    
96599524243    
96599525513    
96599525628    
96599525860    
96599526205    
96599526965    
96599528911    
96599529327    
96599529329    
96599529987    
96599530053    
96599530150    
96599530802    
96599531556    
96599533365    
96599533764    
96599533780    
96599534104    
96599534565    
96599535666    
96599536882    
96599537174    
96599538034    
96599539585    
96599539690    
96599540998    
96599541767    
96599541911    
96599543444    
96599544090    
96599544241    
96599544889    
96599545203    
96599545748    
96599546657    
96599546977    
96599548118    
96599548583    
96599549616    
96599549968    
96599550411    
96599550551    
96599550715    
96599551593    
96599552157    
96599552257    
96599552877    
96599552933    
96599553065    
96599553386    
96599554419    
96599554571    
96599554596    
96599555114    
96599555250    
96599555728    
96599555756    
96599555830    
96599555972    
96599556089    
96599557266    
96599557280    
96599557300    
96599557756    
96599559126    
96599559205    
96599559537    
96599559938    
96599559958    
96599561118    
96599561922    
96599562107    
96599562121    
96599562349    
96599562823    
96599562945    
96599562962    
96599563232    
96599563878    
96599564482    
96599565646    
96599566206    
96599566261    
96599566282    
96599566816    
96599566846    
96599566958    
96599567334    
96599567869    
96599568567    
96599568850    
96599569142    
96599569798    
96599569993    
96599570075    
96599571929    
96599572042    
96599573488    
96599573663    
96599575133    
96599575423    
96599575573    
96599575736    
96599575795    
96599577533    
96599577562    
96599578115    
96599578177    
96599578188    
96599578358    
96599578794    
96599578880    
96599579818    
96599580444    
96599580703    
96599581121    
96599581777    
96599581977    
96599582225    
96599582421    
96599583583    
96599584744    
96599585559    
96599586580    
96599586585    
96599586779    
96599587858    
96599587877    
96599588399    
96599589039    
96599590923    
96599590958    
96599590974    
96599591376    
96599592245    
96599592995    
96599593317    
96599593535    
96599593942    
96599594959    
96599595131    
96599595288    
96599595498    
96599595654    
96599596279    
96599596422    
96599596682    
96599597091    
96599597472    
96599597798    
96599597977    
96599598410    
96599599189    
96599599555    
96599599777    
96599599946    
96599601605    
96599601810    
96599602006    
96599603628    
96599604402    
96599604524    
96599604647    
96599604719    
96599604887    
96599605680    
96599606038    
96599606203    
96599606682    
96599606830    
96599607080    
96599607373    
96599607410    
96599608017    
96599608964    
96599609015    
96599609562    
96599610056    
96599611194    
96599612185    
96599612392    
96599612738    
96599612954    
96599613668    
96599615628    
96599615755    
96599616961    
96599617217    
96599617301    
96599618115    
96599618310    
96599619110    
96599619711    
96599621660    
96599622057    
96599622592    
96599622773    
96599622822    
96599623247    
96599623352    
96599623957    
96599623987    
96599624244    
96599624431    
96599625676    
96599626829    
96599627731    
96599627769    
96599628204    
96599628255    
96599628824    
96599628891    
96599628896    
96599629029    
96599629234    
96599630536    
96599630997    
96599631656    
96599632454    
96599632942    
96599633633    
96599633664    
96599636411    
96599636628    
96599637574    
96599638441    
96599638633    
96599638644    
96599639011    
96599639387    
96599639429    
96599639612    
96599639897    
96599639915    
96599640306    
96599642328    
96599642339    
96599642383    
96599643305    
96599643778    
96599644420    
96599644884    
96599645048    
96599645108    
96599646345    
96599646771    
96599648422    
96599649479    
96599649895    
96599649959    
96599652889    
96599653443    
96599653725    
96599654155    
96599654448    
96599654890    
96599655456    
96599655533    
96599656882    
96599660188    
96599660233    
96599660366    
96599660448    
96599660522    
96599660809    
96599660996    
96599661205    
96599661329    
96599661733    
96599663251    
96599663318    
96599663567    
96599663651    
96599665448    
96599665655    
96599665912    
96599666846    
96599667074    
96599667123    
96599667370    
96599667882    
96599667964    
96599668363    
96599668957    
96599673301    
96599675335    
96599675473    
96599675610    
96599676292    
96599677352    
96599677533    
96599677666    
96599677715    
96599677886    
96599678885    
96599680056    
96599680801    
96599680906    
96599681141    
96599681522    
96599681990    
96599682353    
96599682448    
96599682811    
96599683432    
96599683779    
96599684822    
96599685499    
96599686291    
96599686329    
96599686643    
96599686681    
96599686782    
96599686863    
96599687031    
96599687281    
96599687487    
96599687638    
96599687883    
96599688033    
96599688058    
96599688064    
96599688546    
96599688673    
96599688788    
96599689606    
96599690666    
96599699588    
96599700687    
96599700820    
96599700882    
96599701073    
96599701367    
96599702564    
96599704984    
96599706457    
96599706887    
96599707104    
96599707190    
96599708415    
96599708808    
96599709290    
96599709526    
96599711336    
96599711711    
96599711714    
96599712429    
96599712778    
96599713348    
96599713362    
96599713667    
96599714163    
96599714707    
96599714880    
96599715115    
96599715156    
96599716119    
96599716770    
96599716778    
96599717173    
96599717715    
96599717720    
96599717733    
96599717948    
96599718113    
96599718837    
96599719470    
96599719500    
96599719588    
96599719881    
96599720228    
96599721110    
96599722096    
96599722735    
96599723000    
96599723327    
96599724868    
96599725323    
96599725603    
96599725622    
96599725818    
96599726125    
96599726255    
96599726540    
96599726927    
96599727153    
96599727168    
96599727656    
96599727663    
96599727784    
96599727924    
96599728844    
96599729088    
96599731286    
96599732911    
96599734831    
96599734883    
96599736364    
96599736601    
96599737004    
96599737838    
96599738458    
96599739036    
96599740504    
96599740772    
96599741684    
96599741942    
96599744484    
96599744880    
96599747127    
96599747559    
96599747599    
96599747898    
96599747965    
96599748441    
96599749053    
96599749093    
96599749282    
96599750507    
96599750569    
96599750709    
96599750821    
96599754556    
96599754860    
96599754898    
96599756659    
96599756776    
96599757119    
96599758838    
96599758880    
96599759088    
96599759737    
96599759788    
96599759975    
96599760243    
96599760365    
96599760939    
96599761487    
96599761667    
96599762202    
96599762275    
96599762334    
96599762627    
96599763636    
96599764567    
96599764697    
96599764868    
96599765431    
96599765652    
96599765935    
96599766066    
96599766175    
96599766225    
96599766294    
96599766338    
96599766383    
96599766474    
96599766619    
96599767418    
96599767673    
96599767721    
96599767932    
96599768790    
96599769641    
96599769911    
96599770568    
96599770801    
96599771393    
96599771649    
96599771911    
96599772135    
96599772141    
96599772361    
96599772695    
96599772788    
96599773212    
96599773454    
96599773559    
96599773991    
96599774477    
96599774557    
96599774706    
96599774899    
96599775119    
96599775347    
96599775688    
96599776110    
96599776726    
96599776786    
96599777089    
96599777388    
96599777550    
96599778078    
96599778525    
96599778936    
96599778959    
96599779116    
96599779158    
96599779348    
96599779456    
96599779988    
96599780248    
96599780505    
96599780785    
96599780896    
96599781631    
96599783388    
96599783553    
96599784139    
96599784329    
96599784555    
96599784847    
96599785199    
96599785261    
96599785599    
96599786638    
96599787299    
96599787305    
96599787580    
96599787665    
96599787924    
96599788910    
96599789526    
96599789787    
96599790031    
96599790050    
96599790059    
96599790102    
96599790184    
96599790200    
96599790301    
96599790741    
96599790749    
96599790940    
96599791295    
96599791600    
96599793212    
96599793344    
96599793397    
96599793592    
96599793931    
96599794071    
96599794432    
96599794479    
96599794881    
96599794994    
96599795170    
96599795187    
96599795305    
96599796220    
96599796516    
96599796779    
96599797099    
96599797126    
96599797239    
96599797298    
96599797713    
96599797934    
96599798277    
96599798498    
96599799032    
96599799517    
96599799577    
96599799808    
96599800013    
96599800020    
96599800295    
96599800817    
96599800919    
96599802053    
96599802070    
96599802099    
96599802686    
96599803192    
96599805039    
96599805847    
96599806458    
96599807082    
96599807680    
96599807794    
96599808512    
96599808943    
96599809518    
96599809519    
96599809805    
96599809890    
96599810828    
96599811470    
96599811922    
96599812133    
96599812366    
96599813361    
96599813444    
96599813936    
96599816120    
96599816767    
96599817112    
96599817297    
96599817967    
96599818042    
96599818839    
96599818889    
96599819976    
96599820199    
96599820571    
96599820904    
96599822456    
96599822753    
96599823390    
96599823812    
96599823907    
96599824250    
96599824970    
96599825226    
96599825332    
96599825822    
96599826266    
96599826609    
96599826663    
96599826868    
96599827735    
96599828442    
96599828838    
96599828844    
96599828868    
96599828904    
96599829049    
96599829843    
96599830883    
96599830999    
96599831062    
96599831115    
96599831917    
96599832042    
96599832160    
96599832212    
96599832331    
96599832989    
96599833295    
96599834379    
96599834768    
96599835313    
96599835745    
96599835890    
96599835995    
96599837213    
96599839166    
96599839303    
96599839849    
96599840481    
96599840953    
96599841717    
96599841999    
96599842026    
96599842138    
96599842926    
96599843129    
96599843347    
96599844162    
96599844707    
96599844784    
96599845550    
96599845776    
96599847124    
96599848058    
96599848084    
96599848343    
96599848719    
96599848808    
96599849053    
96599849498    
96599849947    
96599849998    
96599850300    
96599850525    
96599851338    
96599851900    
96599852101    
96599852236    
96599852350    
96599852362    
96599852708    
96599852899    
96599853116    
96599853282    
96599853301    
96599853346    
96599853377    
96599853552    
96599853727    
96599853772    
96599853999    
96599854110    
96599854588    
96599855277    
96599855503    
96599855521    
96599856414    
96599856691    
96599856804    
96599856987    
96599857067    
96599858454    
96599858720    
96599858780    
96599859022    
96599859700    
96599859800    
96599859952    
96599859985    
96599860496    
96599861517    
96599862726    
96599862981    
96599863588    
96599864944    
96599866033    
96599866186    
96599866330    
96599866569    
96599866621    
96599866711    
96599866737    
96599866978    
96599868096    
96599868919    
96599869140    
96599869195    
96599869573    
96599869986    
96599871514    
96599872043    
96599872069    
96599872144    
96599872259    
96599872883    
96599873269    
96599873700    
96599874788    
96599874997    
96599875125    
96599875280    
96599875551    
96599876631    
96599877099    
96599877264    
96599877895    
96599878121    
96599878750    
96599878786    
96599879029    
96599879059    
96599879395    
96599879549    
96599879969    
96599880059    
96599880459    
96599880778    
96599881160    
96599881281    
96599881332    
96599881664    
96599881771    
96599882020    
96599882541    
96599882667    
96599882858    
96599883123    
96599883330    
96599883530    
96599883700    
96599883808    
96599883971    
96599884346    
96599884589    
96599884658    
96599884774    
96599884948    
96599885153    
96599885272    
96599885452    
96599885554    
96599886677    
96599886765    
96599886797    
96599886881    
96599887673    
96599887764    
96599887797    
96599888039    
96599888072    
96599888210    
96599888445    
96599888466    
96599888491    
96599888619    
96599888680    
96599888734    
96599888737    
96599888945    
96599889299    
96599889363    
96599889705    
96599889717    
96599889789    
96599889803    
96599889821    
96599889907    
96599890010    
96599890925    
96599891446    
96599891890    
96599892189    
96599892336    
96599892517    
96599892531    
96599892546    
96599892723    
96599892822    
96599893003    
96599893711    
96599894554    
96599895099    
96599895335    
96599895757    
96599896304    
96599897124    
96599897144    
96599897234    
96599897675    
96599897729    
96599898046    
96599898099    
96599898215    
96599898443    
96599898815    
96599899382    
96599899746    
96599899925    
96599901920    
96599902220    
96599903402    
96599904045    
96599904047    
96599905455    
96599905966    
96599906648    
96599906960    
96599907553    
96599908044    
96599908077    
96599908385    
96599908806    
96599909391    
96599909599    
96599909782    
96599909897    
96599909911    
96599909970    
96599910280    
96599910499    
96599910599    
96599911223    
96599911383    
96599911693    
96599911698    
96599912122    
96599912516    
96599912933    
96599913815    
96599914343    
96599914469    
96599915153    
96599915199    
96599915355    
96599916330    
96599916577    
96599916811    
96599916921    
96599917055    
96599917077    
96599917419    
96599918836    
96599919101    
96599919199    
96599919444    
96599919927    
96599920403    
96599920491    
96599921001    
96599921099    
96599921109    
96599922033    
96599922515    
96599922758    
96599922995    
96599924044    
96599924111    
96599925254    
96599928282    
96599928898    
96599929191    
96599929950    
96599930015    
96599930025    
96599930398    
96599931306    
96599931337    
96599931719    
96599933066    
96599933282    
96599933327    
96599933365    
96599933641    
96599933822    
96599934002    
96599934377    
96599934435    
96599934646    
96599936309    
96599936673    
96599936676    
96599937266    
96599938038    
96599938144    
96599938303    
96599938391    
96599938877    
96599939266    
96599939324    
96599939443    
96599939913    
96599939946    
96599940664    
96599942023    
96599943355    
96599943669    
96599944117    
96599944195    
96599944317    
96599944443    
96599944500    
96599944661    
96599946045    
96599947702    
96599947719    
96599947800    
96599947908    
96599947947    
96599948326    
96599948489    
96599948994    
96599949404    
96599949493    
96599949809    
96599949933    
96599950250    
96599952022    
96599952238    
96599952654    
96599952825    
96599953998    
96599954279    
96599954792    
96599955091    
96599955405    
96599955828    
96599955889    
96599955933    
96599956161    
96599956979    
96599957751    
96599959504    
96599959554    
96599959555    
96599960033    
96599960295    
96599960999    
96599961107    
96599961250    
96599961888    
96599961987    
96599962605    
96599962619    
96599963338    
96599963774    
96599964552    
96599964662    
96599965649    
96599965944    
96599966399    
96599966933    
96599968020    
96599968177    
96599968885    
96599968993    
96599969140    
96599969526    
96599969866    
96599970305    
96599971654    
96599972223    
96599972555    
96599974426    
96599974562    
96599974571    
96599974662    
96599975553    
96599975579    
96599976456    
96599976658    
96599976699    
96599977091    
96599977317    
96599977762    
96599978006    
96599978543    
96599978676    
96599979036    
96599979279    
96599979395    
96599979632    
96599979706    
96599979744    
96599979874    
96599980091    
96599981226    
96599981370    
96599981381    
96599981396    
96599981432    
96599981555    
96599981866    
96599982718    
96599982888    
96599983522    
96599983822    
96599984585    
96599985591    
96599985827    
96599986602    
96599986668    
96599987400    
96599987701    
96599987875    
96599988037    
96599988318    
96599988422    
96599988575    
96599988818    
96599989488    
96599989520    
96599989544    
96599989653    
96599989981    
96599990087    
96599990290    
96599990584    
96599990851    
96599991794    
96599992114    
96599992252    
96599992296    
96599992388    
96599992694    
96599992935    
96599993003    
96599993050    
96599993066    
96599993645    
96599993741    
96599993825    
96599993865    
96599994147    
96599994191    
96599994277    
96599994391    
96599994467    
96599994496    
96599994670    
96599994713    
96599994746    
96599994921    
96599995160    
96599995332    
96599995345    
96599995469    
96599995581    
96599995990    
96599996033    
96599996241    
96599996382    
96599996399    
96599996462    
96599996568    
96599996682    
96599997337    
96599997376    
96599997736    
96599998110    
96599998608    
96599999174    
96599999221    
96599999814    
96599999876    
