96555126226    
96555126667    
96555126981    
96555127888    
96555130003    
96566021110    
96555131177    
96555131923    
96555132255    
96555133004    
96555133012    
96555133344    
96555133933    
96555134649    
96555137809    
96555139741    
96555141020    
96555141465    
96555142257    
96555142444    
96555144044    
96555144566    
96555144744    
96555145145    
96555146077    
96555146111    
96555148120    
96555150545    
96555151155    
96555151215    
96555151315    
96555152515    
96555155075    
96555155246    
96555155339    
96555155555    
96555155592    
96555157001    
96555157155    
96555158204    
96555159200    
96555159525    
96555159921    
96555159992    
96555161666    
96555161700    
96555161756    
96555162666    
96555163300    
96555165513    
96555166066    
96555166083    
96555166220    
96555166767    
96555167777    
96555168857    
96555168885    
96555169922    
96555171151    
96555173535    
96555174499    
96555176262    
96555176761    
96555177171    
96555177733    
96555178877    
96555180150    
96555181186    
96555182158    
96555185151    
96555186681    
96555187778    
96555187878    
96555188288    
96555188588    
96555191111    
96555191880    
96555191944    
96555191990    
96555194090    
96555195591    
96555197070    
96555198338    
96555199401    
96555199599    
96555200077    
96555200211    
96555200229    
96555201200    
96555202302    
96555207058    
96555207772    
96555208208    
96555210002    
96555210210    
96555211010    
96555212150    
96555212331    
96555214214    
96555215553    
96555217141    
96555217716    
96555219115    
96555220082    
96555220095    
96555220338    
96555220550    
96555221005    
96555221160    
96555221174    
96555221282    
96555221334    
96555221422    
96555221974    
96555221998    
96555222235    
96555222236    
96555222251    
96555222258    
96555222350    
96555222378    
96555222387    
96555222467    
96555222474    
96555222560    
96555222593    
96555222822    
96555223213    
96555223251    
96555223335    
96555223551    
96555223708    
96555224423    
96555225500    
96555226626    
96555226689    
96555226770    
96555227272    
96555228271    
96555228718    
96555228988    
96555229277    
96555229882    
96555229989    
96555232298    
96555232373    
96555232868    
96555232946    
96555233254    
96555233603    
96555233754    
96555234234    
96555236611    
96555241975    
96555242425    
96555242666    
96555244448    
96555244995    
96555245125    
96555245554    
96555246948    
96555247808    
96555250340    
96555557778    
96555557780    
96555557783    
96555557786    
96555557790    
96555557792    
96555557796    
96555557798    
96555557812    
96555557823    
96555557825    
96555557828    
96555557831    
96555557836    
96555557837    
96555557838    
96555557839    
96555557844    
96555557848    
96555557850    
96555557851    
96555557852    
96555557854    
96555557863    
96555557865    
96555557866    
96555557867    
96555557871    
96555557875    
96555557878    
96555557880    
96555557886    
96555557887    
96555557892    
96555557896    
96555557899    
96555557902    
96555557911    
96555557913    
96555557919    
96555557921    
96555557927    
96555557932    
96555557934    
96555557945    
96555557947    
96555557948    
96555557950    
96555557951    
96555557954    
96555557955    
96555557963    
96555557966    
96555557967    
96555557969    
96555557970    
96555557973    
96555557981    
96555557986    
96555557988    
96555557989    
96555557999    
96555558005    
96555558010    
96555558020    
96555558021    
96555558024    
96555558027    
96555558030    
96555558031    
96555558035    
96555558036    
96555558037    
96555558045    
96555558048    
96555558053    
96555558055    
96555558059    
96555558063    
96555558064    
96555558073    
96555558075    
96555558077    
96555558080    
96555558082    
96555558088    
96555558091    
96555558093    
96555558097    
96555558100    
96555558103    
96555558108    
96555558110    
96555558112    
96555558120    
96555558122    
96555558123    
96555558128    
96555558138    
96555558139    
96555558141    
96555558145    
96555558147    
96555558149    
96555558157    
96555558158    
96555558159    
96555558168    
96555558174    
96555558176    
96555558178    
96555558181    
96555558184    
96555558187    
96555558191    
96555558196    
96555558200    
96555558201    
96555558206    
96555558210    
96555558213    
96555558215    
96555558227    
96555558229    
96555558232    
96555558236    
96555558243    
96555558253    
96555558255    
96555558260    
96555558261    
96555558269    
96555558271    
96555558273    
96555558275    
96555558277    
96555558278    
96555558280    
96555558282    
96555558304    
96555558308    
96555558310    
96555558311    
96555558317    
96555558324    
96555558326    
96555558331    
96555558333    
96555558342    
96555558343    
96555558347    
96555558350    
96555558352    
96555558356    
96555558359    
96555558372    
96555558375    
96555558377    
96555558378    
96555558382    
96555558383    
96555558389    
96555558396    
96555558401    
96555558402    
96555558406    
96555576629    
96555576641    
96555576664    
96555576666    
96555576667    
96555576668    
96555576670    
96555576729    
96555576757    
96555576759    
96555576763    
96555576769    
96555576776    
96555576797    
96555576798    
96555576807    
96555576818    
96555576829    
96555576863    
96555576879    
96555576899    
96555576903    
96555576946    
96555576964    
96555576969    
96555576972    
96555576979    
96555576998    
96555577000    
96555577004    
96555577006    
96555577010    
96555577011    
96555577039    
96555577050    
96555577051    
96555577053    
96555577063    
96555577078    
96555577087    
96555577097    
96555577099    
96555577101    
96555577103    
96555577107    
96555577113    
96555577115    
96555577117    
96555577118    
96555577124    
96555577130    
96555577133    
96555577134    
96555577137    
96555577147    
96555577155    
96555577157    
96555577158    
96555577160    
96555577167    
96555577175    
96555577180    
96555577184    
96555577188    
96555577191    
96555577200    
96555577201    
96555577215    
96555577222    
96555577226    
96555577237    
96555577254    
96555577255    
96555577273    
96555577276    
96555577282    
96555577283    
96555577292    
96555577306    
96555577307    
96555577311    
96555577318    
96555577337    
96555577338    
96555577340    
96555577342    
96555577355    
96555577362    
96555577366    
96555577376    
96555577380    
96555577385    
96555577386    
96555577393    
96555577394    
96555577405    
96555577409    
96555577412    
96555577414    
96555577415    
96555577416    
96555577418    
96555577422    
96555577429    
96555577433    
96555577434    
96555577442    
96555577447    
96555577452    
96555577454    
96555577469    
96555577471    
96555577476    
96555577479    
96555577484    
96555577485    
96555577492    
96555577500    
96555577502    
96555577503    
96555577511    
96555577515    
96555577518    
96555577522    
96555577523    
96555577527    
96555577535    
96555577536    
96555577537    
96555577541    
96555577545    
96555577549    
96555577553    
96555577555    
96555577564    
96555577573    
96555577574    
96555577585    
96566468326    
96566469615    
96566470807    
96566471277    
96566471768    
96566472001    
96566472003    
96566474053    
96566474340    
96566474348    
96566474664    
96566475732    
96566476439    
96566477333    
96566477353    
96566477755    
96566477756    
96566478707    
96566479763    
96566479865    
96566480294    
96566480333    
96566480380    
96566480390    
96566480416    
96566480435    
96566480520    
96566481188    
96566481616    
96566482850    
96566482866    
96566483105    
96566483344    
96566483441    
96566483637    
96566483900    
96566484338    
96566484744    
96566484768    
96566485228    
96566486871    
96566488061    
96566488326    
96566488464    
96566489035    
96566489193    
96566489499    
96566489710    
96566489948    
96566490125    
96566490148    
96566490207    
96566492299    
96566492700    
96566492780    
96566492951    
96566493348    
96566493659    
96566493954    
96566494196    
96566494441    
96566494578    
96566496128    
96598793085    
96566496676    
96566497508    
96566497565    
96566497598    
96566498207    
96566498482    
96566498827    
96566499422    
96566499779    
96566499900    
96566499985    
96566500060    
96566500183    
96566500315    
96566500886    
96566501130    
96566501550    
96566501586    
96566501685    
96566502412    
96566502518    
96566502921    
96566503338    
96566503376    
96566503475    
96566503812    
96566504904    
96566504920    
96566505034    
96566505083    
96566505094    
96566505521    
96566505578    
96566505709    
96566505770    
96566506094    
96566506321    
96566506851    
96566507029    
96566507146    
96566507167    
96566507304    
96566507704    
96566507732    
96566507736    
96566508116    
96566508255    
96566508746    
96566508830    
96566508906    
96566509037    
96566509165    
96566509222    
96566509445    
96566509755    
96566510070    
96566510114    
96566510948    
96566511857    
96566511900    
96566512003    
96566512080    
96566512129    
96566512414    
96566513653    
96566513924    
96566514134    
96566514177    
96566514880    
96566514998    
96566640634    
96566641200    
96566641412    
96566641728    
96566641806    
96566641910    
96566642393    
96566642654    
96566642884    
96566644040    
96566644077    
96566644262    
96566644284    
96566644322    
96566644635    
96566644650    
96566644750    
96566644767    
96566645140    
96566645366    
96566646060    
96566646116    
96566646252    
96566646662    
96566646994    
96566647212    
96566647258    
96566647666    
96566648028    
96566648333    
96566648800    
96566648999    
96566649227    
96566649616    
96566649898    
96566649938    
96566650001    
96566650045    
96566650360    
96566650566    
96566650622    
