5930969597377  
5930989362665  
5930963136388  
5930982281976  
5930967254479  
5930998617483  
5930939255686  
5930984131227  
5930983604795  
5930996476571  
5930995545868  
5930993152289  
5930997941614  
5930978667702  
5930959802711  
5930992242802  
5930981097188  
5930959164528  
5930986531289  
5930992063099  
5930996940931  
5930981263662  
5930997627695  
5930960711423  
5930988009386  
5930960458269  
5930967500552  
5930994227440  
5930991688237  
5930960851161  
5930995170808  
5930998082696  
5930982296026  
5930991602339  
5930998660045  
5930969728541  
5930981662211  
5930993547113  
5930991937368  
5930998570459  
5930992773119  
5930969963198  
5930985098530  
5930985681610  
5930959037789  
5930989229134  
5930997223413  
5930981010228  
5930999145931  
5930939812070  
5930991414946  
5930986335362  
5930998146465  
5930939281484  
5930988562968  
5930991491691  
5930979131451  
5930990203261  
5930980021882  
5930978607726  
5930980057141  
5930981065116  
5930967617086  
5930962838863  
5930985442283  
5930967702424  
5930962747345  
5930939932130  
5930960784310  
5930939441585  
5930991365052  
5930986203563  
5930961041224  
5930969407895  
5930959441550  
5930959628060  
5930991077023  
5930981390203  
5930992948526  
5930994181677  
5930939631850  
5930988441987  
5930993406664  
5930990928088  
5930984762380  
5930980309537  
5930979039306  
5930960341565  
5930986867302  
5930980679403  
5930994360546  
5930985181757  
5930968852160  
5930978736852  
5930968892114  
5930991846979  
5930981435876  
5930981173760  
5930991846635  
5930969266598  
5930981670249  
5930993520702  
5930981376523  
5930981536098  
5930983663042  
5930989139414  
5930939467352  
5930960784310  
5930990231987  
5930982975428  
5930988889508  
5930960859130  
5930967409525  
5930999110371  
5930984466822  
5930959046337  
5930981793057  
5930980175626  
5930983741713  
5930991885473  
5930967571383  
5930978620343  
5930993187598  
5930986864772  
5930990085011  
5930969940546  
5930997835512  
5930960290564  
5930939629313  
5930960004637  
5930981194378  
5930968738142  
5930985340694  
5930985195175  
5930988472516  
5930969953190  
5930939354066  
5930993357734  
5930939479543  
5930989300829  
5930991639194  
5930991986200  
5930980578718  
5930959949811  
5930962001903  
5930992571112  
5930988993485  
5930992323283  
5930990918577  
5930981935754  
5930998253900  
5930997062903  
5930978997242  
5930998741013  
5930995543681  
5930959429828  
5930967097171  
5930994729090  
5930986080976  
5930980112051  
5930939239809  
5930989315245  
5930968471316  
5930992505624  
5930968254102  
5930981697022  
5930980961600  
5930986256157  
5930991543592  
5930996504004  
5930990843750  
5930997342141  
5930959109156  
5930968114277  
5930983698281  
5930996965055  
5930993870906  
5930959678112  
5930960697115  
5930992456571  
5930982830224  
5930991206946  
5930987076604  
5930995822236  
5930991714104  
5930983964974  
5930986840713  
5930982675768  
5930984360805  
5930960908819  
5930939040947  
5930967583058  
5930968775720  
5930997378541  
5930985862906  
5930960515828  
5930998297130  
5930961506157  
5930982745632  
5930993924992  
5930980138321  
5930939796277  
5930995984456  
5930969629261  
5930999503610  
5930969132586  
5930958819749  
5930985632709  
5930959163456  
5930961207350  
5930979426000  
5930999423869  
5930968268095  
5930969050087  
5930961578418  
5930988459811  
5930994988344  
5930990843750  
5930967633360  
5930967376235  
5930980851800  
5930998812739  
5930980851963  
5930959250402  
5930981657829  
5930963184116  
5930981263662  
5930998425014  
5930987777846  
5930960769824  
5930985484512  
5930980937221  
5930960614148  
5930967568000  
5930967280296  
5930993662523  
5930982454102  
5930959853662  
5930939594924  
5930988036347  
5930995751254  
5930959768382  
5930939050035  
5930997332675  
5930960570013  
5930985111341  
5930960658085  
5930986502344  
5930960458269  
5930961295944  
5930987611455  
5930990934606  
5930939395014  
5930996661568  
5930967267263  
5930987229997  
5930995139657  
5930995651872  
5930968266245  
5930993784994  
5930939024818  
5930999537103  
5930939171404  
5930986543738  
5930982776466  
5930991439761  
5930980476122  
5930994809194  
5930993816024  
5930969687255  
5930997367167  
5930986596030  
5930967622397  
5930989442704  
5930994984793  
5930959896042  
5930984947654  
5930995910116  
5930999885350  
5930983698281  
5930959474951  
5930993324579  
5930982759569  
5930990345148  
5930982795094  
5930988826052  
5930999699363  
5930984513969  
5930994817345  
5930959016106  
5930986965512  
5930989815104  
5930985989195  
5930994302934  
5930993410131  
5930985761932  
5930991163659  
5930988442339  
5930967633360  
5930987285039  
5930998998678  
5930960287695  
5930989496214  
5930980297823  
5930990582661  
5930990163314  
5930968090632  
5930967718689  
5930993069218  
5930978857213  
5930959123878  
5930959940870  
5930986325149  
5930988670715  
5930982650786  
5930990128428  
5930968688816  
5930999051463  
5930979425800  
5930939428383  
5930969392540  
5930983748975  
5930978659160  
5930988702363  
5930992306294  
5930983524219  
5930991885473  
5930968228307  
5930959430406  
5930963210455  
5930961094595  
5930961223104  
5930981507892  
5930985547030  
5930980021637  
5930961498231  
5930986864772  
5930993226072  
5930980302118  
5930986690981  
5930961110006  
5930990594457  
5930988030471  
5930980157792  
5930978957835  
5930961915356  
5930981883716  
5930992200510  
5930960693442  
5930986482131  
5930980728385  
5930983465540  
5930967881648  
5930994482889  
5930993229466  
5930989185983  
5930939217516  
5930981390811  
5930969562143  
5930993450966  
5930979486072  
5930996264073  
5930979657511  
5930968924998  
5930988864815  
5930939518328  
5930988306968  
5930985116389  
5930962837251  
5930998918564  
5930990842154  
5930995184478  
5930986308719  
5930989161472  
5930979696479  
5930967633360  
5930990354863  
5930981519148  
5930960866856  
5930980345579  
5930982724772  
5930939465998  
5930962082960  
5930992368234  
5930990740350  
5930969543023  
5930959827193  
5930991588710  
5930999627419  
5930986341681  
5930959111339  
5930968921923  
5930961305413  
5930993010994  
5930978733438  
5930998268111  
5930999380876  
5930985614232  
5930961257101  
5930986500960  
5930960458269  
5930985374178  
5930992960741  
5930981888379  
5930969337287  
5930961248212  
5930995216405  
5930981150277  
5930991152604  
5930960727864  
5930981640342  
5930981000119  
5930985344756  
5930993818136  
5930989159202  
5930980227327  
5930999078751  
5930991213170  
5930961874181  
5930980633759  
5930984295304  
5930959207687  
5930990364193  
5930993908563  
5930961090782  
5930982758055  
5930990929725  
5930985910798  
5930986727534  
5930961875950  
5930981904243  
5930939897506  
5930990073270  
5930996495866  
5930962943195  
5930968601394  
5930998075601  
5930985834242  
5930961100561  
5930988397011  
5930985863430  
5930983745768  
5930996511417  
5930980563919  
5930997897386  
5930991703539  
5930998967637  
5930939004032  
5930995503084  
5930939103911  
5930990950537  
5930987405141  
5930980208780  
5930988377542  
5930969486658  
5930960848088  
5930968422841  
5930994711004  
5930990331181  
5930993568425  
5930959760845  
5930996335775  
5930997428620  
5930962734555  
5930980623823  
5930959988933  
5930985652211  
5930998319194  
5930969494125  
5930983174002  
5930992424341  
5930958765093  
5930967779119  
5930979460054  
5930959761780  
5930967267230  
5930980182664  
5930988280114  
5930979640744  
5930995851964  
5930986606880  
5930960656620  
5930990605802  
5930996322329  
5930982830224  
5930998474723  
5930995527566  
5930993802725  
5930993804075  
5930939951582  
5930985043932  
5930991141129  
5930969225967  
5930988073653  
5930991969976  
5930992967684  
5930995036419  
5930990912949  
5930988017572  
5930989798475  
5930939472498  
5930967436601  
5930990384496  
5930997465999  
5930939296113  
5930978867875  
5930981372995  
5930990604688  
5930967421217  
5930981764337  
5930990556770  
5930963123540  
5930989668169  
5930986822179  
5930967849414  
5930980440228  
5930987532819  
5930993435327  
5930991418714  
5930967885966  
5930995289606  
5930990111494  
5930961256450  
5930969117143  
5930981541875  
5930968096010  
5930967169605  
5930997523926  
5930959003709  
5930980748359  
5930985093724  
5930997397795  
5930980864608  
5930983339699  
5930990357319  
5930939753246  
5930985536465  
5930988036347  
5930986487827  
5930980286048  
5930985182323  
5930959897214  
5930981547374  
5930994609453  
5930960524964  
5930959609698  
5930982553282  
5930939550665  
5930981004708  
5930993471882  
5930999403875  
5930991509907  
5930967163893  
5930969512786  
5930993480143  
5930979850044  
5930962983967  
5930983151368  
5930980529251  
5930998570065  
5930991603969  
5930980300299  
5930999848769  
5930958602241  
5930960616684  
5930963705591  
5930967209112  
5930939852926  
5930989175050  
5930985176225  
5930993445192  
5930981887411  
5930980073099  
5930961727541  
5930987124724  
5930968257494  
5930987862014  
5930981780940  
5930984519842  
5930991118492  
5930989012898  
5930997505815  
5930992359390  
5930994361422  
5930939040520  
5930960515828  
5930962654192  
5930994368062  
5930986660034  
5930978856199  
5930985493819  
5930989553101  
5930991551547  
5930995170808  
5930960473180  
5930980381549  
5930985109000  
5930980404007  
5930986703301  
5930988452362  
5930995563696  
5930981316938  
5930968064436  
5930960442828  
5930989987379  
5930979759600  
5930939257406  
5930980208780  
5930996224439  
5930960434235  
5930939383341  
5930994462177  
5930986488648  
5930993535619  
5930990674919  
5930960453948  
5930969799521  
5930999521858  
5930990368427  
5930963105361  
5930997213916  
5930993324579  
5930960290564  
5930963995306  
5930994811015  
5930991182290  
5930985365708  
5930959598004  
5930999510989  
5930993043547  
5930939910703  
5930961561423  
5930989419888  
5930981994909  
5930993957279  
5930962987737  
5930999395022  
5930988816346  
5930988875781  
5930992225059  
5930989818140  
5930999573046  
5930985976898  
5930986828046  
5930939970515  
5930980748529  
5930969713889  
5930993426314  
5930989533656  
5930990665105  
5930960701196  
5930992362879  
5930991020805  
5930996670797  
5930981397444  
5930959013428  
5930989336243  
5930959089248  
5930959426254  
5930986570208  
5930989513921  
5930981240508  
5930982601167  
5930995035650  
5930996486272  
5930969360621  
5930993749336  
5930939864520  
5930979562757  
5930980227327  
5930996990390  
5930981122157  
5930993187598  
5930986061631  
5930990247164  
5930959729712  
5930960262306  
5930981467147  
5930985462382  
5930999461629  
5930990774834  
5930989752248  
5930967139834  
5930961131547  
5930992306177  
5930999856474  
5930979959117  
5930992084334  
5930985052221  
5930960288951  
5930969470916  
5930939905171  
5930982047467  
5930990518546  
5930978617085  
5930990663361  
5930997251819  
5930985236993  
5930989260288  
5930988368361  
5930991204969  
5930985627168  
5930961835686  
5930997475591  
5930969562143  
5930968242350  
5930991574988  
5930984997940  
5930968009068  
5930985155742  
5930962014373  
5930980288708  
5930993941666  
5930983091118  
5930984067705  
5930991800219  
5930992357493  
5930984986403  
5930989522727  
5930994551649  
5930981569718  
5930991560109  
5930969642205  
5930988110351  
5930990436220  
5930991527328  
5930993968673  
5930991337237  
5930939831414  
5930939753387  
5930998529879  
5930939883849  
5930994715605  
5930963705483  
5930990099989  
5930960838189  
5930999203282  
5930939951582  
5930967346864  
5930990744880  
5930986905090  
5930990577936  
5930959886475  
5930986783514  
5930988838298  
5930980169708  
5930969208751  
5930996174236  
5930981209322  
5930983635971  
5930967855551  
5930991250609  
5930967050111  
5930959102776  
5930990668296  
5930969552739  
5930990573137  
5930969481017  
5930999628374  
5930993446318  
5930980798657  
5930980034404  
5930960916799  
5930998819195  
5930988450813  
5930978641080  
5930968681898  
5930987604611  
5930990906886  
5930993941666  
5930988817118  
5930991636398  
5930994960036  
5930979692392  
5930967430884  
5930982765489  
5930997395962  
5930981522833  
5930991578310  
5930959267873  
5930939396547  
5930960822595  
5930959624095  
5930968218710  
5930960542463  
5930982837151  
5930993535647  
5930979451388  
5930991924914  
5930982519058  
5930988916147  
5930991623552  
5930999002216  
5930996110791  
5930991746654  
5930983771571  
5930963814986  
5930988109650  
5930989149039  
5930983404840  
5930999625530  
5930987821998  
5930939674337  
5930990850467  
5930997971213  
5930969913120  
5930981143487  
5930981234991  
5930983436655  
5930967198493  
5930986051205  
5930990441235  
5930986543246  
5930969355435  
5930991812633  
5930998243986  
5930981068424  
5930982572481  
5930990163935  
5930959809294  
5930988153728  
5930997039499  
5930960692948  
5930983677879  
5930982620347  
5930986526637  
5930982734530  
5930979048971  
5930963195085  
5930967253535  
5930988380402  
5930985334826  
5930990905084  
5930959221659  
5930969506787  
5930989823338  
5930985476191  
5930985084277  
5930995486503  
5930959504019  
5930989533656  
5930963647373  
5930989237001  
5930960458269  
5930986749337  
5930984880929  
5930981397444  
5930968217518  
5930992364638  
5930999589026  
5930984900915  
5930995701776  
5930981483840  
5930978885649  
5930981929047  
5930995359625  
5930980022968  
5930981933558  
5930986515187  
5930967419852  
5930988036347  
5930993204317  
5930996932763  
5930978805904  
5930996994903  
5930962807638  
5930997455516  
5930987436374  
5930994451620  
5930988374720  
5930993880670  
5930984303100  
5930992866081  
5930968547205  
5930990673607  
5930999545093  
5930960542463  
5930985168259  
5930986073627  
5930985871149  
5930990492324  
5930983035434  
5930994101632  
5930961478575  
5930981327329  
5930982860730  
5930981274585  
5930993313408  
5930959294504  
5930960105300  
5930990964198  
5930989026215  
5930986377661  
5930996255772  
5930960341565  
5930981995137  
5930982556058  
5930939280967  
5930989568471  
5930995326696  
5930995574625  
5930991993694  
5930991752618  
5930991721530  
5930981252690  
5930984602190  
5930981891492  
5930980052134  
5930989531861  
5930999031683  
5930979691380  
5930994422065  
5930994122655  
5930993206404  
5930988820302  
5930962903842  
5930992108937  
5930983448828  
5930961122415  
5930959981141  
5930990095279  
5930968096030  
5930999624772  
5930969962107  
5930986338814  
5930983954784  
5930991374864  
5930969319031  
5930969755715  
5930994206599  
5930960727462  
5930962714043  
5930967911472  
5930960729936  
5930960517300  
5930980394420  
5930963056624  
5930939753387  
5930959105828  
5930990621859  
5930986241960  
5930991806764  
5930969646699  
5930979460054  
5930986225521  
5930981505526  
5930991331998  
5930982698432  
5930939643166  
5930994647784  
5930991321434  
5930989982586  
5930994353744  
5930993451601  
5930991161316  
5930988565129  
5930962558591  
5930981285326  
5930990141954  
5930988979913  
5930960560454  
5930960057628  
5930939511534  
5930939021737  
5930967418539  
5930988820302  
5930967386065  
5930980343446  
5930939906738  
5930987998674  
5930986452512  
5930960490738  
5930969658599  
5930981804064  
5930994151963  
5930993754838  
5930967752965  
5930980404007  
5930981795734  
5930963370845  
5930990686477  
5930994417523  
5930968929872  
5930961523138  
5930962579647  
5930969553253  
5930969633969  
5930997199312  
5930992053097  
5930986821107  
5930990806201  
5930980941757  
5930989467999  
5930983861335  
5930960744592  
5930997417983  
5930980555285  
5930962760065  
5930960969969  
5930939753387  
5930989566283  
5930967886975  
5930993985491  
5930969494278  
5930988044634  
5930988182117  
5930960424830  
5930981700861  
5930979663053  
5930985403044  
5930959055830  
5930990329246  
5930969073055  
5930979936090  
5930981865043  
5930962731095  
5930981804321  
5930959837775  
5930967822920  
5930978912424  
5930996950588  
5930989905213  
5930968980715  
5930982600034  
5930994426837  
5930981329987  
5930960796804  
5930985863430  
5930989590250  
5930997588592  
5930999507671  
5930960524964  
5930996155254  
5930987544613  
5930994705172  
5930985228380  
5930989882207  
5930986177119  
5930988036347  
5930985543080  
5930987360750  
5930969476387  
5930958885035  
5930989725027  
5930994729090  
5930968059553  
5930985156726  
5930982598963  
5930984135759  
5930986596030  
5930985754984  
5930994162051  
5930992438671  
5930994931207  
5930982990036  
5930990242993  
5930983405664  
5930989688413  
5930993396855  
5930990916781  
5930961756002  
5930998690027  
5930984841965  
5930997810889  
5930996255772  
5930985232415  
5930997595020  
5930984287509  
5930978789868  
5930991493080  
5930963176954  
5930990335930  
5930991524955  
5930984357685  
5930999384465  
5930939627580  
5930986071414  
5930986590327  
5930978667702  
5930987946792  
5930985111341  
5930982528431  
5930959772660  
5930968929872  
5930960731681  
5930968665769  
5930939466562  
5930994562059  
5930985151663  
5930967871072  
5930962612477  
5930984366192  
5930967306108  
5930990629410  
5930988329321  
5930978631998  
5930986651473  
5930980339529  
5930997272910  
5930987023174  
5930939424962  
5930991640989  
5930980747649  
5930959684937  
5930995640559  
5930999618518  
5930986522653  
5930985127041  
5930995263260  
5930962080685  
5930986075249  
5930993713331  
5930999678706  
5930995579530  
5930968184075  
5930959061500  
5930992070902  
5930982856818  
5930982962251  
5930984841965  
5930987947843  
5930963381890  
5930988263626  
5930982699368  
5930939342346  
5930962128480  
5930989759493  
5930939633059  
5930989553101  
5930980928060  
5930985333123  
5930990894608  
5930986543738  
5930969985113  
5930980562178  
5930985231151  
5930993210221  
5930985508874  
5930994541206  
5930983166849  
5930989615582  
5930989626476  
5930997142628  
5930961366384  
5930993562541  
5930969513530  
5930939022212  
5930980134871  
5930999510989  
5930995425081  
5930997339116  
5930960224659  
5930998336383  
5930994758386  
5930985972053  
5930967395262  
5930939472503  
5930992798782  
5930969580651  
5930991203205  
5930981471311  
5930999549173  
5930967995831  
5930991601467  
5930984334834  
5930979260886  
5930990586399  
5930939013738  
5930993908563  
5930997557476  
5930969764003  
5930993229466  
5930998110876  
5930939253632  
5930989164540  
5930983700602  
5930978671352  
5930981027833  
5930979305646  
5930988757020  
5930993265380  
5930980301376  
5930992243256  
5930989182664  
5930959942188  
5930997230457  
5930997182330  
5930981177442  
5930992146836  
5930968240802  
5930986809523  
5930990415244  
5930997808347  
5930980919363  
5930981439002  
5930985047172  
5930988433679  
5930993845555  
5930960614148  
5930998466711  
5930984082316  
5930989531473  
5930939908674  
5930983424226  
5930997518435  
5930991683522  
5930968687996  
5930999051463  
5930961307957  
5930961405737  
5930994251399  
5930981264308  
5930999079230  
5930990767709  
5930993224570  
5930939428692  
5930994411392  
5930985030160  
5930981155156  
5930979322133  
5930984914412  
5930991469377  
5930994150296  
5930996903490  
5930939951582  
5930980941757  
5930982340875  
5930979432599  
5930939383299  
5930979893105  
5930979816749  
5930939807736  
5930984608259  
5930985385279  
5930969535186  
5930990382696  
5930998785821  
5930993872697  
5930959542539  
5930994533540  
5930960955436  
5930961259337  
5930991109416  
5930968687449  
5930960199352  
5930986064830  
5930980091355  
5930985169951  
5930983660557  
5930990834885  
5930984487379  
5930984686335  
5930990415912  
5930983785726  
5930989896197  
5930996958217  
5930980056368  
5930981668281  
5930967331023  
5930979312781  
5930993638261  
5930960822595  
5930939428692  
5930983271353  
5930993210221  
5930981891492  
5930979820269  
5930980775249  
5930993107465  
5930985370143  
5930987007760  
5930997008457  
5930960198713  
5930989661304  
5930987640059  
5930959287720  
5930967567071  
5930991770415  
5930980425219  
5930967371330  
5930982155640  
5930961086015  
5930981998942  
5930960245647  
5930990663361  
5930998144818  
5930968563462  
5930993059601  
5930979882865  
5930960473443  
5930982833577  
5930963314431  
5930939905907  
5930982410737  
5930995778770  
5930989752248  
5930968306730  
5930939937027  
5930984689590  
5930992049293  
5930991132079  
5930960833651  
5930982657338  
5930985125860  
5930997023941  
5930968584900  
5930967013985  
5930982644781  
5930993315951  
5930939701102  
5930979907040  
5930992758169  
5930967518591  
5930995140379  
5930979453483  
5930960607167  
5930979484911  
5930990718291  
5930981344051  
5930959783107  
5930997875633  
5930967775389  
5930961122415  
5930990067709  
5930980457425  
5930962743687  
5930959649176  
5930980766626  
5930997232286  
5930994867238  
5930969922550  
5930988969280  
5930967254479  
5930967761314  
5930985902729  
5930961548202  
5930981696397  
5930991347857  
5930992104622  
5930991850690  
5930978970813  
5930959256629  
5930963156775  
5930982812410  
5930997337417  
5930980719606  
5930939752485  
5930986606026  
5930969290348  
5930963853678  
5930994206599  
5930981710466  
5930968544010  
5930969939553  
5930992270476  
5930993376505  
5930981544156  
5930999068822  
5930994811015  
5930993936774  
5930980430560  
5930939598813  
5930960481750  
5930985232415  
5930967633360  
5930967380093  
5930959094474  
5930981510825  
5930939068794  
5930991774466  
5930997023941  
5930978600738  
5930985595976  
5930992144202  
5930985345250  
5930989448282  
5930983714968  
5930963114825  
5930994949973  
5930960231124  
5930986696368  
5930997116637  
5930993841628  
5930969922550  
5930968101868  
5930990737499  
5930987619784  
5930991518547  
5930960711423  
5930983616037  
5930992974593  
5930961249759  
5930967609058  
5930960287695  
5930999658964  
5930989350981  
5930985321464  
5930981541668  
5930991281546  
5930981064897  
5930994670987  
5930959675215  
5930985929365  
5930969801663  
5930958868836  
5930988296934  
5930980824153  
5930969186519  
5930960023780  
5930988656380  
5930986954756  
5930989103847  
5930986414784  
5930960147861  
5930960147315  
5930985959391  
5930961026647  
5930978818099  
5930981150277  
5930969199307  
5930993118642  
5930959598004  
5930959730244  
5930981683612  
5930986884345  
5930939368155  
5930996603982  
5930961646381  
5930939910318  
5930981717674  
5930987558425  
5930997809137  
5930980255984  
5930939800626  
5930998675388  
5930960848088  
5930985053685  
5930992967822  
5930960105139  
5930981988867  
5930987157556  
5930987713804  
5930992145950  
5930939068794  
5930997734889  
5930998428770  
5930984321269  
5930988851106  
5930967767350  
5930969270117  
5930960341565  
5930986952931  
5930997483595  
5930986467845  
5930968401080  
5930993102919  
5930986377661  
5930979560216  
5930997680861  
5930961275098  
5930997621086  
5930987331514  
5930997422198  
5930969381902  
5930960645957  
5930968658626  
5930999536193  
5930988924023  
5930986904890  
5930939672475  
5930993492206  
5930961774176  
5930985188980  
5930978973516  
5930991019204  
5930991866285  
5930988599120  
5930969456253  
5930989546640  
5930981396354  
5930967171371  
5930983750847  
5930993526374  
5930991584405  
5930989487099  
5930939908674  
5930978860015  
5930999225340  
5930990275239  
5930963952706  
5930982156317  
5930994925972  
5930963973346  
5930989379850  
5930960916799  
5930959478674  
5930979567767  
5930980742361  
5930978648464  
5930983199564  
5930986656618  
5930968449301  
5930994439601  
5930968444375  
5930967031827  
5930939204417  
5930939935216  
5930969319771  
5930961445422  
5930997571312  
5930939656346  
5930968489062  
5930979661208  
5930985533144  
5930959953484  
5930986766168  
5930991903298  
5930939417858  
5930960798804  
5930939800080  
5930991444945  
5930990332183  
5930988174138  
5930997569913  
5930986083889  
5930998233435  
5930992108937  
5930989598573  
5930982725751  
5930993517784  
5930991768190  
5930960255271  
5930979663988  
5930981990185  
5930999394010  
5930986203776  
5930980438410  
5930982325353  
5930969516397  
5930961968000  
5930985470742  
5930969645603  
5930939882373  
5930959176789  
5930979510539  
5930959130463  
5930967241582  
5930995184478  
5930959274871  
5930939637244  
5930962613238  
5930989330241  
5930990271891  
5930991642382  
5930989752248  
5930980210177  
5930998006782  
5930981374526  
5930989405339  
5930982676794  
5930992460335  
5930979264645  
5930961987897  
5930982913351  
5930986439757  
5930983027981  
5930997131944  
5930986286512  
5930968133729  
5930967638599  
5930968963088  
5930985968715  
5930989599184  
5930991820236  
5930993853098  
5930969544194  
5930980559946  
5930986498733  
5930986061465  
5930967674997  
5930959288152  
5930982539565  
5930985786102  
5930969441903  
5930983151368  
5930991617084  
5930989503780  
5930985747235  
5930985984033  
5930960224370  
5930981922202  
5930961818494  
5930959851410  
5930968030294  
5930979756771  
5930968093107  
5930968781577  
5930991971967  
5930985455164  
5930959132549  
5930980830774  
5930978828501  
5930939512792  
5930981794458  
5930939428692  
5930961536863  
5930991081955  
5930967623253  
5930986543737  
5930980006263  
5930983302264  
5930986365047  
5930969372525  
5930960788768  
5930969965565  
5930994444541  
5930983075578  
5930979042000  
5930994581986  
5930994473258  
5930961010986  
5930959581298  
5930996363743  
5930969327111  
5930986501063  
5930963293085  
5930985805797  
5930961587000  
5930997312826  
5930988339445  
5930969540685  
5930987724050  
5930983473574  
5930992171276  
5930968243478  
5930997182330  
5930979756022  
5930968914039  
5930982862806  
5930988836155  
5930997422333  
5930980567614  
5930980844068  
5930960915105  
5930981290535  
5930962541992  
5930967568000  
5930989153692  
5930992831229  
5930988434748  
5930998693006  
5930967922705  
5930988088627  
5930982784603  
5930991524468  
5930991509907  
5930982064045  
5930988808912  
5930968688816  
5930993496923  
5930986106866  
5930990909565  
5930997456710  
5930983839642  
5930989279088  
5930990958442  
5930984313973  
5930960016341  
5930992785252  
5930985671525  
5930988902116  
5930959101441  
5930993946102  
5930939792453  
5930992783970  
5930981536053  
5930995642371  
5930996958217  
5930989727768  
5930981844119  
5930987333482  
5930984816670  
5930959549272  
5930968865394  
5930990223223  
5930993450208  
5930994313316  
5930967970047  
5930939320831  
5930959798442  
5930980001860  
5930979756452  
5930991586197  
5930979141272  
5930997876727  
5930978765513  
5930960269640  
5930968368766  
5930983072586  
5930995311336  
5930968115426  
5930968263298  
5930980193606  
5930986045711  
5930995489778  
5930960341565  
5930995621758  
5930986886555  
5930961614862  
5930981184834  
5930993071934  
5930993760852  
5930960549072  
5930969544413  
5930979931769  
5930959764311  
5930979752578  
5930980168277  
5930998521432  
5930980893761  
5930960652305  
5930963261077  
5930979026074  
5930999745936  
5930969168903  
5930983162028  
5930999294264  
5930998943496  
5930999201630  
5930999536521  
5930959517839  
5930987506568  
5930992815677  
5930989211066  
5930980211933  
5930994222397  
5930979489582  
5930969784844  
5930986449765  
5930981272752  
5930987417442  
5930992702831  
5930983992462  
5930990445770  
5930960019216  
5930979863028  
5930993730554  
5930995831614  
5930983833881  
5930998656206  
5930998970706  
5930999221300  
5930987806177  
5930984115693  
5930991250884  
5930969501339  
5930991849485  
5930980528450  
5930962924828  
5930978691007  
5930986831086  
5930983426467  
5930999330957  
5930968600712  
5930995587261  
5930960997379  
5930963264466  
5930983070887  
5930992724466  
5930969307985  
5930990839646  
5930982362676  
5930980682188  
5930982672953  
5930993398296  
5930988770353  
5930958933186  
5930983020186  
5930983921567  
5930985244513  
5930962752158  
5930987506643  
5930979155089  
5930939259211  
5930979839494  
5930991219443  
5930967214797  
5930962621322  
5930998529444  
5930961427487  
5930995065593  
5930988487866  
5930960652305  
5930980463847  
5930986343483  
5930998769009  
5930960045121  
5930988956122  
5930967524501  
5930959136350  
5930995533263  
5930969330536  
5930993313109  
5930980070310  
5930994201472  
5930999849382  
5930993523679  
5930939316669  
5930992856900  
5930988495835  
5930997572002  
5930995947723  
5930959484131  
5930939316669  
5930982807173  
5930968571797  
5930994942783  
5930983064860  
5930982786074  
5930981872568  
5930981840627  
5930978650274  
5930979057233  
5930987433669  
5930999754792  
5930969092010  
5930982944305  
5930987761216  
5930990267895  
5930959852982  
5930993088309  
5930939518040  
5930995203674  
5930939369303  
5930985774116  
5930979102456  
5930995454089  
5930990839646  
5930998837460  
5930998184591  
5930991610437  
5930984144869  
5930959120328  
5930961795422  
5930989914993  
5930960702617  
5930969844824  
5930993684602  
5930985567331  
5930979010208  
5930998639028  
5930998568115  
5930983478043  
5930962609465  
5930986831086  
5930993994459  
5930969042514  
5930962084189  
5930991384450  
5930998756097  
5930959240358  
5930995787861  
5930993501101  
5930995240069  
5930992731847  
5930978921499  
5930991021683  
5930993739660  
5930984022738  
5930939223189  
5930985103569  
5930988277030  
5930998112051  
5930989671266  
5930998661006  
5930968115348  
5930983515901  
5930983909285  
5930993072990  
5930999475467  
5930969501339  
5930967297825  
5930987553583  
5930997703101  
5930959460295  
5930992634932  
5930939508766  
5930979946496  
5930984038463  
5930963024570  
5930969612225  
5930997640212  
5930963449980  
5930983579983  
5930979207913  
5930986888896  
5930983973553  
5930969799194  
5930998909070  
5930980435825  
5930998680918  
5930984141754  
5930987956798  
5930985555856  
5930987025135  
5930939918374  
5930998300326  
5930979304677  
5930983452440  
5930981783847  
5930999753719  
5930997002390  
5930968323177  
5930987646758  
5930982964923  
5930985207899  
5930998966975  
5930987295520  
5930999468893  
5930978713472  
5930985594966  
5930995790271  
5930939319552  
5930980515550  
5930995003076  
5930999283361  
5930983067894  
5930991435837  
5930982919223  
5930997406753  
5930968002471  
5930979841742  
5930999706481  
5930983489917  
5930987559641  
5930958740206  
5930968862249  
5930969567748  
5930990480413  
5930995432892  
5930983345264  
5930997418346  
5930998605783  
5930985486458  
5930997781846  
5930997763685  
5930959532282  
5930979151668  
5930987820994  
5930969010190  
5930979079464  
5930939215419  
5930985618261  
5930981271615  
5930993583047  
5930999236132  
5930980922148  
5930986676699  
5930989468587  
5930994173291  
5930986164714  
5930967201566  
5930992945357  
5930983822076  
5930980135406  
5930982625265  
5930981916411  
5930983613001  
5930985081854  
5930985371574  
5930967923312  
5930981574261  
5930984698828  
5930979292097  
5930987666274  
5930992000666  
5930984669353  
5930984061168  
5930984591353  
5930979392180  
5930987420675  
5930962589424  
5930987417412  
5930969151595  
5930981915728  
5930995854294  
5930990249864  
5930995156110  
5930979063263  
5930991469032  
5930998702570  
5930979517603  
5930995725633  
5930995313986  
5930987071605  
5930998801779  
5930987696008  
5930994371116  
5930999053682  
5930988572503  
5930999813739  
5930984399993  
5930962767421  
5930987171626  
5930990294376  
5930982933925  
5930992805439  
5930959582407  
5930980304918  
5930983158682  
5930983769808  
5930959590253  
5930997537283  
5930998630878  
5930998720489  
5930998508131  
5930962547143  
5930986590018  
5930998486103  
5930990214934  
5930969231622  
5930999940120  
5930967737991  
5930985039980  
5930939235273  
5930967391135  
5930984591011  
5930985843381  
5930987645392  
5930960441355  
5930983915585  
5930983950466  
5930987596308  
5930993852984  
5930959148626  
5930983941758  
5930987377022  
5930998515360  
5930969543153  
5930999019289  
5930984922592  
5930987596838  
5930983370895  
5930978862643  
5930980633997  
5930986115478  
5930993205589  
5930995762525  
5930958963915  
5930999156002  
5930998983303  
5930979183660  
5930990573907  
5930961530009  
5930999005173  
5930986709004  
5930990806073  
5930989433089  
5930963639061  
5930992886632  
5930999754265  
5930967136520  
5930999065389  
5930995928582  
5930986855744  
5930939621542  
5930978984442  
5930993903727  
5930984837316  
5930983501964  
5930991014990  
5930967383310  
5930962060211  
5930984445684  
5930939281230  
5930968411849  
5930967636183  
5930979831818  
5930999286495  
5930995079172  
5930983496951  
5930989855646  
5930990914884  
5930967646286  
5930979034790  
5930980244513  
5930993487065  
5930984665853  
5930978842254  
5930995502662  
5930999943239  
5930984495345  
5930995587423  
5930979384152  
5930997935786  
5930983100596  
5930967752328  
5930958847199  
5930962998211  
5930983724544  
5930989848166  
5930981404326  
5930985055235  
5930998442461  
5930990645555  
5930987510805  
5930984084222  
5930984579571  
5930995251024  
5930999916320  
5930960501047  
5930959664777  
5930985471965  
5930967008249  
5930998201860  
5930983834244  
5930998778262  
5930992624591  
5930983723810  
5930999120957  
5930988763876  
5930962938834  
5930998097284  
5930997017583  
5930992766475  
5930990728219  
5930939847512  
5930987182672  
5930984033167  
5930998521327  
5930984343284  
5930981672761  
5930988391104  
5930995697064  
5930983076593  
5930979208217  
5930999224029  
5930999566353  
5930995373355  
5930939415654  
5930993207624  
5930998658552  
5930998852297  
5930997131207  
5930980944060  
5930992561250  
5930968370908  
5930967277806  
5930939509420  
5930939540675  
5930980547050  
5930984764500  
5930962306046  
5930994581653  
5930987354157  
5930991753832  
5930959126263  
5930986026940  
5930990191991  
5930988137129  
5930995326528  
5930987611875  
5930999817520  
5930939153960  
5930978781781  
5930969957378  
5930998738360  
5930969767390  
5930967614740  
5930991282972  
5930987897830  
5930999206801  
5930999290949  
5930995212907  
5930978957630  
5930983142554  
5930967041002  
5930987803047  
5930939040987  
5930984028251  
5930958884759  
5930983401465  
5930961900110  
5930999011921  
5930983551267  
5930987277484  
5930983247323  
5930995569188  
5930995643157  
5930979894072  
5930959777965  
5930990884748  
5930992057849  
5930996451256  
5930985384771  
5930991416313  
5930998000020  
5930959571214  
5930985745490  
5930962615352  
5930960604582  
5930988991411  
5930993682835  
5930998381292  
5930958852036  
5930983219529  
5930983012008  
5930998612830  
5930995508866  
5930995512068  
5930989090356  
5930992549100  
5930987009172  
5930996953727  
5930998139932  
5930968977814  
5930998263847  
5930999360280  
5930967405717  
5930968841332  
5930991164280  
5930988973063  
5930987308707  
5930967019617  
5930983485649  
5930998825834  
5930995867816  
5930964004738  
5930987237332  
5930960564255  
5930999093267  
5930962602417  
5930995081714  
5930961160703  
5930981856791  
5930959642222  
5930988511800  
5930978806331  
5930998204035  
5930988218757  
5930986070123  
5930995435240  
5930987536120  
5930988483482  
5930967175257  
5930958872859  
5930998601658  
5930987957220  
5930998303242  
5930987333572  
5930981761796  
5930992900601  
5930999089090  
5930980421158  
5930987352217  
5930967825417  
5930984182313  
5930997602803  
5930983597136  
5930995843594  
5930979578885  
5930987900200  
5930991501757  
5930979036866  
5930989521783  
5930987830364  
5930979547620  
5930980239287  
5930983942298  
5930993477963  
5930999777947  
5930995656183  
5930998209424  
5930984985420  
5930995139035  
5930963294583  
5930992134222  
5930999616927  
5930985464222  
5930999097722  
5930979269244  
5930998650141  
5930987941771  
5930984427080  
5930998702230  
5930992932944  
5930994911680  
5930962708638  
5930969678614  
5930984844974  
5930980544992  
5930988273939  
5930991107964  
5930984090806  
5930990645992  
5930995149095  
5930998226900  
5930939762463  
5930992702686  
5930995141713  
5930994708110  
5930995468083  
5930983590717  
5930995633480  
5930969331022  
5930986880847  
5930983302710  
5930967074929  
5930979081259  
5930978625995  
5930983974304  
5930999571290  
5930992563015  
5930988293128  
5930998872772  
5930994265399  
5930986275092  
5930998007078  
5930979304677  
5930999560970  
5930979107243  
5930992728042  
5930978861040  
5930979896490  
5930999202065  
5930998556304  
5930998974398  
5930999184326  
5930998377234  
5930998976331  
5930987528454  
5930992000847  
5930987389300  
5930978722894  
5930981903812  
5930979578467  
5930967684771  
5930999580702  
5930994452537  
5930979912356  
5930987188572  
5930995637722  
5930995281919  
5930983183833  
5930985528113  
5930969042514  
5930998048373  
5930983014932  
5930984014913  
5930982054996  
5930997470839  
5930985752699  
5930939317602  
5930983306212  
5930995535595  
5930981394804  
5930963780593  
5930999851049  
5930958928547  
5930997963358  
5930997285600  
5930968893465  
5930979556720  
5930992728521  
5930968519096  
5930959616580  
5930962699723  
5930993635269  
5930992844372  
5930995048475  
5930994789251  
5930985235010  
5930962785838  
5930995139035  
5930980683263  
5930983854664  
5930983821646  
5930958875687  
5930994094226  
5930987768075  
5930980487275  
5930994411263  
5930959025073  
5930998830514  
5930989087178  
5930999779424  
5930987431046  
5930988257850  
5930991321846  
5930939413440  
5930999917701  
5930958852169  
5930992577732  
5930995647953  
5930998295327  
5930989065380  
5930987396098  
5930984177214  
5930995252352  
5930982834040  
5930984200555  
5930987288468  
5930984904637  
5930992801978  
5930998750506  
5930995563088  
5930993630130  
5930998737816  
5930962676443  
5930987543716  
5930968312949  
5930995569884  
5930983304738  
5930963736758  
5930962715932  
5930997977174  
5930992448763  
5930990631169  
5930983304456  
5930992718508  
5930998324611  
5930985286200  
5930989126067  
5930999046942  
5930984852678  
5930991432550  
5930962661853  
5930995155535  
5930985177767  
5930984084477  
5930998860830  
5930992489250  
5930986331577  
5930995955195  
5930990617234  
5930978965830  
5930999861935  
5930990304421  
5930995177158  
5930939011678  
5930983450074  
5930994712245  
5930983745163  
5930987650799  
5930984895420  
5930995169308  
5930989006840  
5930995856751  
5930987409189  
5930979499920  
5930985480156  
5930982973983  
5930995010360  
5930995587423  
5930988601546  
5930959527758  
5930983900079  
5930986431717  
5930987745435  
5930987978605  
5930989845592  
5930995936844  
5930939116697  
5930939300595  
5930986566039  
5930979284092  
5930997472823  
5930981584228  
5930992585374  
5930995838369  
5930983635838  
5930981172885  
5930993306464  
5930998255976  
5930992609408  
5930985537692  
5930984270203  
5930987107577  
5930960061200  
5930998106815  
5930959070760  
5930995490983  
5930995848618  
5930984774048  
5930983651526  
5930939270188  
5930979198183  
5930981420988  
5930984584461  
5930998040765  
