966508930476   
966554247065   
966507896887   
966506652351   
966554222341   
966554632829   
966503111919   
966504115486   
966500088617   
966564457874   
966503102665   
966509274154   
966546342477   
966563591549   
966502379035   
966503859823   
966503107810   
966503882457   
966503844001   
966501415394   
966501717705   
966569811271   
966500054611   
966503276578   
966503409508   
966560094145   
966590024945   
966566118188   
966504644589   
966503533243   
966561942945   
966505120141   
966563729359   
966503968011   
966501418841   
966506180847   
966506279040   
966531975482   
966502805626   
966503649670   
966509836094   
966595438907   
966503826858   
966508404947   
966503849757   
966500695581   
966503530491   
966561198680   
966502417380   
966506305088   
966563527515   
966503670142   
966599271858   
966553611278   
966569964923   
966500000140   
966591400139   
966506732090   
966568394551   
966503865605   
966503941379   
966508142337   
966505657189   
966507148729   
966503400742   
966550357892   
966555199492   
966553397302   
966554478666   
966500126088   
966503250391   
966502410791   
966503288465   
966504276682   
966509823032   
966500153780   
966530845615   
966503864752   
966506201686   
966506250001   
966505243509   
966562903569   
966533651989   
966590106714   
966502020491   
966504217403   
966507439436   
966501866773   
966504443523   
966501007869   
966504131374   
966503416575   
966505752823   
966554263521   
966555102301   
966503922115   
966502054759   
966551229993   
966599288881   
966541872366   
966544568345   
966500420005   
966502413552   
966504471817   
966501904048   
966503810640   
966502117542   
966506141974   
966569459439   
966503213941   
966564554181   
966500006246   
966503625001   
966503415130   
966501004539   
966503855259   
966545305891   
966558276819   
966504297543   
966508868666   
966507281138   
966504173411   
966556625487   
966560624456   
966564036211   
966503658491   
966504850665   
966554623018   
966504230191   
966503160595   
966590900634   
966503788352   
966591633675   
966505152029   
966504109618   
966503606012   
966503840709   
966505757561   
966506522706   
966504683700   
966506687408   
966501289506   
966504212520   
966567337925   
966563753689   
966501337772   
966546397982   
966566678833   
966561500461   
966507038018   
966508126113   
966542183442   
966501716457   
966500153387   
966504221989   
966503857812   
966545785132   
966590759009   
966556329957   
966507979334   
966563067677   
966500645809   
966562493158   
966507960738   
966501415570   
