593987701758   
593988224255   
593969988172   
593998055199   
593998561512   
593984182994   
593987941108   
593999928980   
593994557312   
593999761386   
593958893616   
593961311710   
593997061171   
593992890019   
593968076408   
593987681767   
593981574050   
593963444967   
593981894792   
593999172297   
593998276822   
593960823377   
593993668748   
593958653209   
593991332820   
593968900376   
593984703734   
593987063004   
593988115066   
593958950280   
593968620307   
593989099322   
593959566072   
593993909129   
593979262451   
593995828001   
593984522709   
593983852641   
593984972439   
