96565034737    
96565084466    
96565111711    
96565115415    
96565558505    
96565884333    
96565959441    
96565959890    
96566002486    
96566008122    
96566009207    
96566014751    
96566016960    
96566018178    
96566022050    
96566033121    
96566033373    
96566035059    
96566040260    
96566042127    
96566044744    
96566047740    
96566051414    
96566055028    
96566057252    
96566063312    
96566072016    
96566074848    
96566077035    
96566077985    
96566090017    
96566098745    
96566111010    
96566111566    
96566113003    
96566121226    
96566122696    
96566122882    
96566123022    
96566140231    
96566165999    
96566166617    
96566172247    
96566202233    
96566203773    
96566207279    
96566220818    
96566221128    
96566221405    
96566222293    
96566222658    
96566226237    
96566234766    
96566236290    
96566240449    
96566243001    
96566250503    
96566262161    
96566274411    
96566277483    
96566280009    
96566280015    
96566284000    
96566286423    
96566294422    
96566333299    
96566333747    
96566333902    
96566336999    
96566339337    
96566347355    
96566349988    
96566352532    
96566363335    
96566367886    
96566373561    
96566388988    
96566390567    
96566391971    
96566405000    
96566411256    
96566417114    
96566427674    
96566440022    
96566443965    
96566444118    
96566445007    
96566447021    
96566462769    
96566464721    
96566485648    
96566492221    
96566497077    
96566502326    
96566518877    
96566522644    
96566550022    
96566555531    
96566560016    
96566561668    
96566562600    
96566565667    
96566565903    
96566566005    
96566569998    
96566574360    
96566577000    
96566587070    
96566589866    
96566592331    
96566600391    
96566606641    
96566611588    
96566614298    
96566616799    
96566621921    
96566622238    
96566625359    
96566628178    
96566629039    
96566630806    
96566632654    
96566633174    
96566635225    
96566637584    
96566637744    
96566641155    
96566651994    
96566652353    
96566653688    
96566654370    
96566660864    
96566661380    
96566662860    
96566665259    
96566665591    
96566666876    
96566669003    
96566674851    
96566675856    
96566677781    
96566677973    
96566679171    
96566679379    
96566682446    
96566686830    
96566687835    
96566692535    
96566693195    
96566695539    
96566696622    
96566699226    
96566706707    
96566707999    
96566720060    
96566721132    
96566727313    
96566727719    
96566742666    
96566744033    
96566744147    
96566763067    
96566764000    
96566765588    
96566768867    
96566774700    
96566793426    
96566798987    
96566820572    
96566826661    
96566827917    
96566830259    
96566833094    
96566833177    
96566834334    
96566840088    
96566846525    
96597603030    
96597603034    
96597603060    
96597603066    
96597603300    
96597603303    
96597603357    
96597603626    
96597604040    
96597604404    
96597604944    
96597605495    
96597605760    
96597606669    
96597607007    
96597607744    
96597607774    
96597608111    
96597608455    
96597608760    
96597609866    
96597609902    
96597609977    
96597610369    
96597610616    
96597610664    
96597611153    
96597611242    
96597611300    
96597611641    
96597611763    
96597611888    
96597612266    
96597614421    
96597614706    
96597614777    
96597614800    
96597616105    
96597616169    
96597617175    
96597617999    
96597618089    
96597618866    
96597618889    
96597619645    
96597619919    
96597619991    
96597620002    
96597620008    
96597620126    
96597620997    
96597621000    
96597621381    
96597622282    
96597622382    
96597622796    
96597622966    
96597623337    
96597624601    
96597625500    
96597626030    
96597626556    
96597626611    
96597626999    
96597627279    
96597627767    
96597629234    
96597629666    
96597629762    
96597630011    
96597630022    
96597631000    
96597631777    
96597632221    
96597632333    
96597633212    
96597633228    
96597633336    
96597633393    
96597633599    
96597633736    
96597635288    
96597635311    
96597635425    
96597636666    
96597637282    
96597637612    
96597637773    
96597638386    
96597638899    
96597639852    
96597640039    
96597640094    
96597641060    
96597641222    
96597642204    
96597642333    
96597642759    
96597644406    
96597644445    
96597644458    
96597644465    
96597644564    
96597644646    
96597645550    
96597645588    
96597645599    
96597647692    
96597649699    
96597650088    
96597650489    
96597650650    
96597651117    
96597652794    
96597652888    
96597654150    
96597654880    
96597655525    
96597655556    
96597655565    
96597655850    
96597656647    
96597656865    
96597657123    
96597657559    
96597658035    
96597658586    
96597659699    
96597659812    
96597659876    
96597660000    
96597660007    
96597660050    
96597660321    
96597660666    
96597661000    
96597661122    
96597661336    
96597661878    
96597661986    
96597662090    
96597662247    
96597663030    
96597663746    
96597664141    
96597664175    
96597664449    
96597664479    
96597664774    
96597664888    
96597665157    
96597665445    
96597666119    
96597666202    
96597666233    
96597666262    
96597666448    
96597666486    
96597666499    
96597666538    
96597666571    
96597666617    
96597666683    
96597666704    
96597666710    
96597666779    
96597666874    
96597666884    
96597666901    
96597666911    
96597666931    
96597666960    
96597666986    
96597667017    
96597667268    
96597667270    
96597667474    
96597667611    
96597667644    
96597667707    
96597667743    
96597667814    
96597667851    
96597667879    
96597667949    
96597667979    
96597668568    
96597668663    
96556579250    
96597668847    
96599030802    
96599031011    
96599031063    
96599031299    
96599031433    
96599031536    
96599031615    
96599031641    
96599032020    
96599032023    
96599032035    
96599032069    
96599032143    
96599032177    
96599032198    
96599032278    
96599032326    
96599032332    
96599032430    
96599032474    
96599032508    
96599032569    
96599032661    
96599032888    
96599032903    
96599033035    
96599033080    
96599033091    
96599033114    
96599033197    
96599033274    
96599033327    
96599033409    
96599033568    
96599033677    
96599033720    
96599033767    
96599033806    
96599033833    
96599033880    
96599033933    
96599034098    
96599034117    
96599034223    
96599034253    
96599034283    
96599034389    
96599034455    
96599034496    
96599034796    
96599034824    
96599034880    
96599035115    
96599035571    
96599035599    
96599035855    
96599035917    
96599035970    
96599035991    
96599035994    
96599036026    
96599036039    
96599036149    
96599036159    
96599036205    
96599036272    
96599036363    
96599036382    
96599036472    
96599036540    
96599036577    
96599036804    
96599036933    
96599036946    
96599037019    
96599037033    
96599037051    
96599037130    
96599037236    
96599037406    
96599037419    
96599037456    
96599037540    
96599037573    
96599037600    
96599037660    
96599037676    
96599037758    
96599037763    
96599037920    
96599037996    
96599038086    
96599038099    
96599038221    
96599038313    
96599038368    
96599038382    
96599038445    
96599038654    
96599038770    
96599038836    
96599038881    
96599038886    
96599038977    
96599039080    
96599039195    
96599039233    
96599039267    
96599039293    
96599039310    
96599039369    
96599039396    
96599039455    
96599039547    
96599039630    
96599039812    
96599039878    
96599039952    
96599039982    
96599040007    
96599040054    
96599040064    
96599040067    
96599040103    
96599040163    
96599040193    
96599040216    
96599040237    
96599040322    
96599040407    
96599040411    
96599040506    
96599040640    
96599040668    
96599040728    
96599040768    
96599040796    
96599040832    
96599040908    
96599040971    
96599041008    
96599041022    
96599041047    
96599041077    
96599041239    
96599041273    
96599041345    
96599041439    
96599041535    
96599041590    
96599041591    
96599041597    
96599041641    
96599041770    
96599041829    
96599041914    
96599041916    
96599041941    
96599042008    
96599042009    
96599042112    
96599042176    
96599042254    
96599042422    
96599042462    
96599042569    
96599042648    
96599042666    
96599042672    
96599042740    
96599042832    
96599042933    
96599043144    
96599043155    
96599043163    
96599043332    
96599043350    
96599043361    
96599043794    
96599044025    
96599044045    
96599044050    
96599044096    
96599044177    
96599044181    
96599044194    
96599044204    
96599044296    
96599044315    
96599044383    
96599044386    
96599044421    
96599044438    
96599044451    
96599044495    
96599044525    
96599054905    
96599058124    
96599451321    
96599451667    
96599452571    
96599453219    
96599453981    
96599454854    
96599454946    
96599455303    
96599455427    
96599455803    
96599456740    
96599456984    
96599457571    
96599457827    
96599459518    
96599459616    
96599459693    
96599461128    
96599464548    
96599464618    
96599466160    
96599466171    
96599466808    
96599466900    
96599467090    
96599467854    
96599468263    
96599469411    
96599469433    
96599471140    
96599471187    
96599471565    
96599471915    
96599472232    
96599472715    
96599474048    
96599474205    
96599475500    
96599475747    
96599476066    
96599476265    
96599477265    
96599477509    
96599478030    
96599478222    
96599478768    
96599479014    
96599479301    
96599479417    
96599479955    
96599479990    
96599480023    
96599480090    
96599480094    
96599482298    
96599483035    
96599484464    
96599484809    
96599485841    
96599486575    
96599487176    
96599487904    
96599489499    
96599489905    
96599489949    
96599490263    
96599490932    
96599491976    
96599492508    
96599492915    
96599493883    
96599494106    
96599494303    
96599494456    
96599495517    
96599495580    
96599495926    
96599496269    
96599496597    
96599496868    
96599497606    
96599498551    
96599498677    
96599498879    
96599499391    
96599499637    
96599499877    
96599499935    
96599500031    
96599500177    
96599500366    
96599502302    
96599502648    
96599503132    
96599504042    
96599504740    
96599505840    
96599505887    
96599505995    
96599506016    
96599508289    
96599508566    
96599509668    
96599510005    
96599510104    
96599511749    
96599513153    
96599514049    
96599514242    
96599514963    
96599515424    
96599515485    
96599515510    
96599516060    
96599516692    
96599517037    
96599518380    
96599519093    
96599519162    
96599519874    
96599519961    
96599520195    
96599520805    
96599520970    
96599521092    
96599522121    
96599523008    
96599523532    
96599524911    
96599525196    
96599525209    
96599525225    
96599526001    
96599526447    
96599526662    
96599527897    
96599528804    
96599528928    
96599529505    
96599530133    
96599530239    
96599530835    
96599531591    
96599534790    
96599535354    
96599538021    
96599538034    
96599538438    
96599539314    
96599540440    
96599541300    
96599541628    
96599542755    
96599543290    
96599543354    
96599544044    
96599544472    
96599544683    
96599545043    
96599545286    
96599545642    
96599545908    
96599546339    
96599546444    
96599546568    
96599547244    
96599548756    
96599548909    
96599550011    
96599550122    
96599550304    
96599550730    
96599550822    
96599551201    
96599551969    
96599552847    
96599554188    
96599554453    
96599554882    
96599555199    
96599555254    
96599555292    
96599555380    
96599555414    
96599555563    
96599555656    
96599555679    
96599555757    
96599555887    
96599555951    
96599555992    
96599555998    
96599556400    
96599556713    
96599557762    
96599558225    
96599558669    
96599558744    
96599558765    
96599558826    
96599559089    
96599559559    
96599559767    
96599559829    
96599559925    
96599559936    
96599661990    
96599661991    
96599661997    
96599662002    
96599662023    
96599662062    
96599662073    
96599662079    
96599662089    
96599662096    
96599662112    
96599662116    
96599662126    
96599662132    
96599662137    
96599662147    
96599662160    
96599662192    
96599662201    
96599662205    
96599662214    
96599662231    
96599662236    
96599662242    
96599662251    
96599662252    
96599662266    
96599662331    
96599662341    
96599662366    
96599662387    
96599662394    
96599662412    
96599662429    
96599662442    
96599662444    
96599662455    
96599662467    
96599662584    
96599662619    
96599662624    
96599662625    
96599662634    
96599662636    
96599662648    
96599662652    
96599662660    
96599662671    
96599662672    
96599662723    
96599662729    
96599662744    
96599662770    
96599662771    
96599662784    
96599662788    
96599662789    
96599662792    
96599662809    
96599662847    
96599662862    
96599662902    
96599662921    
96599662924    
96599662932    
96599662935    
96599662938    
96599662960    
96599662994    
96599662995    
96599663000    
96599663013    
96599663015    
96599663036    
96599663056    
96599663088    
96599663091    
96599663114    
96599663133    
96599663157    
96599663229    
96599663231    
96599663242    
96599663252    
96599663312    
96599663328    
96599663341    
96599663346    
96599663352    
96599663391    
96599663393    
96599663411    
96599663433    
96599663435    
96599663452    
96599663506    
96599663513    
96599663572    
96599663612    
96599663632    
96599663633    
96599663660    
96599663694    
96599663696    
96599663703    
96599663707    
96599663708    
96599663712    
96599663723    
96599663744    
96599663762    
96599663775    
96599663793    
96599663814    
96599663842    
96599663893    
96599663913    
96599663939    
96599663944    
96599663971    
96599664003    
96599664010    
96599664014    
96599664016    
96599664030    
96599664038    
96599664043    
96599664078    
96599664114    
96599664121    
96599664169    
96599664203    
96599664204    
96599664233    
96599664246    
96599664278    
96599664319    
96599664325    
96599664334    
96599664361    
96599664375    
96599664383    
96599664384    
96599664424    
96599664430    
96599664434    
96599664435    
96599664442    
96599664445    
96599664455    
96599664484    
96599664486    
96599664505    
96599664510    
96599664511    
96599664570    
96599664581    
96599664590    
96599664592    
96599664596    
96599664612    
96599664628    
96599664634    
96599664651    
96599664668    
96599664692    
96599664693    
96599664744    
96599664748    
96599664819    
96599664824    
96599664904    
96599664922    
96599664941    
96599664947    
96599665005    
96599665008    
96599665040    
96599665047    
96599665056    
96599665060    
96599665085    
96599665133    
96599665149    
96599665165    
96599665181    
96599665233    
96599665255    
96599665258    
96599665280    
96599665288    
96599665308    
96599665354    
96599738396    
96599738405    
96599738421    
96599738428    
96599738434    
96599738454    
96599738464    
96599738489    
96599738502    
96599738563    
96599738763    
96599738856    
96599738878    
96599738907    
96599738923    
96599738929    
96599738958    
96599739091    
96599739125    
96599739271    
96599739286    
96599739384    
96599739409    
96599739420    
96599739450    
96599739457    
96599739461    
96599739497    
96599739519    
96599739523    
96599739552    
96599739631    
96599739633    
96599739709    
96599739824    
96599739861    
96599739878    
96599739898    
96599739930    
96599739971    
96599740030    
96599740042    
96599740311    
96599740428    
96556579250    
96599740457    
96599740471    
96599740474    
96599740480    
96599740489    
96599740490    
96599740510    
96599740519    
96599740607    
96599740642    
96599740669    
96599740683    
96599740754    
96599740816    
96599740817    
96599740857    
96599740858    
96599740888    
96599740946    
96599740956    
96599741050    
96599741066    
96599741126    
96599741134    
96599741147    
96599741320    
96599741376    
96599741385    
96599741393    
96599741415    
96599741453    
96599741470    
96599741472    
96599741516    
96599741622    
96599741686    
96599741722    
96599741759    
96599741760    
96599741795    
96599741797    
96599741800    
96599741807    
96599741834    
96599741876    
96599741960    
96599741963    
96599741969    
96599741973    
96599742069    
96599742123    
96599742208    
96599742209    
96599742275    
96599742291    
96599742306    
96599742432    
96599742557    
96599742677    
96599742701    
96599742741    
96599742742    
96599742828    
96599742952    
96599742970    
96599742990    
96599743008    
96599743037    
96599743040    
96599743052    
96599743186    
96599743208    
96599743229    
96599743234    
96599743292    
96599743378    
96599743431    
96599743505    
96599743542    
96599743554    
96599743670    
96599743710    
96599743711    
96599743735    
96599743744    
96599743748    
96599743798    
96599743908    
96599743913    
96599743970    
96599744015    
96599744086    
96599744098    
96599744171    
96599744264    
96599744314    
96599744342    
96599744442    
96599744480    
96599744653    
96599744718    
96599744760    
96599744794    
96599744798    
96599744802    
96599744803    
96599744809    
96599744832    
96599744890    
96599744896    
96599744997    
96599744998    
96599745015    
96599745020    
96599745070    
96599745083    
96599745137    
96599745154    
96599745177    
96599745222    
96599745232    
96599745241    
96599745358    
96599745377    
96599745395    
96599745461    
96599745584    
96599745585    
96599745604    
96599745612    
96599745646    
96599745670    
96599745694    
96599745708    
96599745711    
96599745728    
96599763837    
96599763943    
96599763974    
96599764090    
96599764091    
96599764131    
96599764167    
96599764238    
96599764254    
96599764347    
96599764353    
96599764437    
96599764465    
96599764474    
96599764491    
96599764541    
96599764549    
96599764554    
96599764714    
96599764760    
96599764824    
96599764875    
96599764924    
96599764944    
96599764949    
96599765000    
96599765101    
96599765127    
96599765142    
96599765199    
96599765201    
96599765217    
96599765244    
96599765276    
96599765284    
96599765323    
96599765349    
96599765377    
96599765400    
96599765402    
96599765462    
96599765479    
96599765495    
96599765496    
96599765508    
96599765566    
96599765588    
96599765656    
96599765675    
96599765696    
96599765707    
96599765721    
96599765723    
96599765759    
96599765775    
96599765832    
96599765911    
96599765921    
96599765960    
96599765976    
96599765977    
96599765980    
96599765988    
96599765996    
96599765997    
96599766025    
96599766077    
96599766102    
96599766117    
96599766162    
96599766250    
96599766253    
96599766277    
96599766288    
96599766324    
96599766329    
96599766338    
96599766358    
96599766391    
96599766404    
96599766424    
96599766437    
96599766445    
96599766521    
96599766545    
96599766565    
96599766626    
96599766632    
96599766636    
96599766638    
96599766851    
96599766880    
96599766898    
96599766909    
96599766929    
96599766944    
96599766956    
96599766987    
96599767000    
96599767076    
96599767103    
96599767136    
96599767137    
96599767145    
96599767171    
96599767174    
96599767211    
96599767271    
96599767340    
96599767394    
96599767407    
96599767416    
96599767437    
96599767448    
96599767484    
96599767519    
96599767525    
96599767531    
96599767547    
96599767575    
96599767612    
96599767653    
96599767665    
96599767669    
96599767695    
96599767698    
96599767699    
96599767720    
96599767730    
96599767737    
96599767757    
96599767775    
96599767810    
96590902150    
96599767866    
96599767870    
96599767933    
96599767967    
96599767974    
96599768007    
96599768029    
96599768061    
96599768108    
96599768135    
96599768182    
96599768224    
96599768267    
96599768382    
96599768418    
96599768432    
96599768443    
96599768484    
96599768521    
96599768545    
96599768553    
96599768554    
96599768567    
96599768632    
96599768666    
96599768778    
96599768797    
96599768851    
96599768882    
96599768982    
96599768986    
96599768993    
96599769000    
96599769006    
96599769007    
96599769043    
96599769120    
96599769138    
96599769211    
96599769221    
96599769277    
96599769393    
96599769565    
96599769605    
96599769621    
96599769674    
96599769692    
96599769780    
96599769802    
96599769825    
96599769922    
96599769978    
96599769980    
96599769981    
96599770002    
96599770016    
96599770049    
96599770050    
96599770068    
96599770080    
96599770127    
96599770151    
96599770212    
96599812184    
96599812229    
96599812233    
96599812240    
96599812248    
96599812336    
96599812390    
96599812418    
96599812434    
96599812453    
96599812466    
96599812480    
96599812506    
96599812593    
96599812652    
96599812770    
96599812874    
96599812920    
96599812955    
96599812984    
96599813001    
96599813042    
96599813076    
96599813094    
96599813101    
96599813163    
96599813197    
96599813275    
96599813323    
96599813432    
96599813459    
96599813476    
96599813548    
96599813689    
96599813717    
96599813730    
96599813781    
96599813810    
96599813813    
96599813815    
96599813824    
96599813826    
96599813896    
96599813939    
96599814034    
96599814080    
96599814157    
96599814183    
96599814197    
96599814222    
96599814247    
96599814264    
96599814414    
96599814450    
96599814453    
96599814474    
96599814541    
96599814568    
96599814629    
96599814665    
96599814719    
96599814720    
96599814748    
96599814783    
96599814822    
96599814825    
96599814854    
96599814940    
96599814954    
96599814982    
96599815005    
96599815009    
96599815030    
96599815039    
96599815146    
96599815198    
96599815245    
96599815248    
96599815262    
96599815349    
96599815403    
96599815460    
96599815499    
96599815545    
96599815548    
96599815551    
96599815566    
96599815671    
96599815767    
96599815777    
96599815819    
96599815857    
96599815917    
96599815961    
96599816008    
96599816051    
96599816068    
96599816078    
96599816082    
96599816107    
96599816135    
96599816161    
96599816171    
96599816194    
96599816200    
96599816224    
96599816231    
96599816349    
96599816365    
96599816399    
96599816463    
96599816469    
96599816591    
96599816639    
96599816666    
96599816753    
96599816768    
96599816773    
96599816809    
96599816840    
96599816873    
96599816880    
96599816911    
96599817013    
96599817057    
96599817076    
96599817106    
96599817124    
96599817144    
96599817150    
96599817181    
96599817245    
96599817317    
96599817319    
96599817332    
96599817342    
96599817474    
96599817476    
96599817500    
96599817535    
96599817615    
96599817624    
96599817654    
96599817671    
96599817699    
96599817722    
96599817730    
96599817743    
96599817796    
96599817799    
96599817837    
96599817858    
96599817897    
96599817981    
96599817984    
96599818007    
96599818067    
96599818069    
96599818084    
96599818094    
96599818106    
96599818123    
96599818134    
96599818157    
96599818168    
96599818187    
96599818201    
96599818220    
96599818236    
96599818241    
96599818249    
96599818279    
96599818303    
96599818398    
96599818438    
96599818451    
96599818483    
96599818546    
96599818550    
96599818600    
96599818674    
96599818678    
96599818715    
96599818717    
96599651968    
96599652012    
96599652018    
96599652033    
96599652097    
96599652137    
96599652264    
96599652267    
96599652286    
96599652349    
96599652359    
96599652369    
96599652453    
96599652491    
96599652542    
96599652551    
96599652608    
96599652616    
96599652691    
96599652723    
96599652732    
96599652782    
96599652788    
96599652826    
96599652929    
96599652939    
96599653049    
96599653096    
96599653150    
96599653180    
96599653197    
96599653231    
96599653236    
96599653295    
96599653307    
96599653398    
96599653415    
96599653459    
96599653460    
96599653477    
96599653506    
96599653540    
96599653542    
96599653579    
96599653643    
96599653665    
96599653680    
96599653682    
96599653686    
96599653695    
96599653696    
96599653746    
96599653790    
96599653830    
96599653869    
96599653989    
96599654006    
96599654032    
96599654068    
96599654125    
96599654130    
96599654182    
96599654195    
96599654222    
96599654249    
96599654270    
96599654293    
96599654332    
96599654334    
96599654418    
96599654514    
96599654580    
96599654594    
96599654596    
96599654601    
96599654605    
96599654618    
96599654634    
96599654701    
96599654753    
96599654763    
96599654802    
96599654850    
96599654957    
96599654989    
96599655073    
96599655102    
96599655123    
96599655127    
96599655175    
96599655230    
96599655310    
96599655321    
96599655332    
96599655349    
96599655460    
96599655462    
96599655487    
96599655506    
96599655521    
96599655578    
96599659393    
96599683332    
96599686750    
96599702000    
96599707783    
96599710143    
96599723337    
96599749570    
96599774535    
96599793453    
96599795351    
96599852462    
96599858609    
96599876595    
96599895658    
96555563109    
96555563111    
96555563117    
96555563133    
96555563135    
96555563136    
96555563145    
96555563151    
96555563156    
96555563159    
96555563169    
96555563174    
96555563188    
96555563193    
