4748435903     
4748440109     
4748445434     
4748448937     
4748456510     
4748457034     
4748461333     
4748464317     
4748464347     
4748464404     
4748468466     
4748468662     
4748472499     
4748472583     
4748472585     
4748474978     
4748440497     
4748440550     
4748440579     
4748442702     
4748442994     
4748445606     
4748445616     
4748449349     
4748452564     
4748457212     
4748461545     
4748461646     
4748461700     
4748464450     
4748464531     
4748472888     
4748472976     
4748436348     
4748440674     
4748440772     
4748440805     
4748443281     
4748446077     
4748446187     
4748446243     
4748452997     
4748453073     
4748457670     
4748457880     
4748461855     
4748464666     
4748464736     
4748464797     
4748464802     
4748469100     
4748469343     
4748475739     
4748475800     
4748475812     
4748434025     
4748437033     
4748443404     
4748443543     
4748446403     
4748449615     
4748454006     
4748458286     
4748458288     
4748464838     
4748464880     
4748464919     
4748469363     
4748469563     
4748473288     
4748476099     
4748441316     
4748443652     
4748446473     
4748454235     
4748466005     
4748469728     
4748470090     
4748470345     
4748470476     
4748473737     
4748474048     
4748476456     
4748438218     
4748441606     
4748441742     
4748443847     
4748446963     
4748450355     
4748450370     
4748459073     
4748466090     
4748466111     
4748466250     
4748470636     
4748470726     
4748474159     
4748434668     
4748437812     
4748437920     
4748441467     
4748447097     
4748447268     
4748455026     
4748455069     
4748455211     
4748463650     
4748466979     
4748474286     
4748474301     
4748474358     
4748477055     
4748435147     
4748438327     
4748441940     
4748441948     
4748447676     
4748459920     
4748463893     
4748467336     
4748471092     
4748435446     
4748438712     
4748438899     
4748441962     
4748442034     
4748444549     
4748444597     
4748448001     
4748455811     
4748472077     
4748472203     
4748472312     
4748474778     
4748435697     
4748435709     
4748442252     
4748444797     
4748444814     
4748451638     
4748456099     
4748460733     
4748471236     
4748471802     
4748474588     
4748474643     
4748474661     
4748478183     
4748478197     
4748478221     
